 1   1 0.00000000
 1   2 0.18115455
 1   3 0.24605538
 1   4 0.26204352
 1   5 0.26834527
 1   6 0.27628339
 1   7 0.28321284
 1   8 0.29582331
 1   9 0.30686553
 1  10 0.31189350
 1  11 0.32209193
 1  12 0.33243214
 1  13 0.33868565
 1  14 0.34504541
 1  15 0.36311700
 1  16 0.36550391
 1  17 0.37368450
 1  18 0.37917149
 1  19 0.38735605
 1  20 0.39493233
 1  21 0.39668422
 1  22 0.39857987
 1  23 0.40274894
 1  24 0.40814379
 1  25 0.41706554
 1  26 0.42654689
 1  27 0.43355892
 1  28 0.44007113
 1  29 0.45257556
 1  30 0.45769439
 1  31 0.45882299
 1  32 0.46328211
 1  33 0.47078980
 1  34 0.47630160
 1  35 0.47767685
 1  36 0.48006162
 1  37 0.49023681
 1  38 0.49910134
 1  39 0.51032499
 1  40 0.51739260
 1  41 0.52048290
 1  42 0.52353572
 1  43 0.53063432
 1  44 0.54465089
 1  45 0.54536808
 1  46 0.54657201
 1  47 0.54794540
 1  48 0.55244056
 1  49 0.55906156
 1  50 0.56593162
 1  51 0.58636070
 1  52 0.58911821
 1  53 0.59106656
 1  54 0.59448372
 1  55 0.59745247
 1  56 0.60057508
 1  57 0.60563692
 1  58 0.60827482
 1  59 0.60939617
 1  60 0.61144592
 1  61 0.62145967
 1  62 0.62900208
 1  63 0.63552768
 1  64 0.64673544
 1  65 0.64953898
 1  66 0.65018034
 1  67 0.66923249
 1  68 0.68084666
 1  69 0.68488303
 1  70 0.68661561
 1  71 0.69260951
 1  72 0.70820138
 1  73 0.70959401
 1  74 0.71194743
 1  75 0.71287387
 1  76 0.72140673
 1  77 0.73211426
 1  78 0.73711442
 1  79 0.74024145
 1  80 0.74203654
 1  81 0.75040499
 1  82 0.75377396
 1  83 0.75508858
 1  84 0.75786608
 1  85 0.76300104
 1  86 0.77022644
 1  87 0.78965713
 1  88 0.80164843
 1  89 0.81781059
 1  90 0.82557142
 1  91 0.83406486
 1  92 0.85597030
 1  93 0.88789919
 1  94 0.89588054
 1  95 0.90608706
 1  96 0.91089009
 1  97 0.93422153
 1  98 0.95809239
 1  99 0.97421513
 1 100 0.99358751
 1 101 1.00000000
 2   1 0.00000000
 2   2 0.27289647
 2   3 0.29984400
 2   4 0.33121817
 2   5 0.34783815
 2   6 0.35950618
 2   7 0.36736765
 2   8 0.37851302
 2   9 0.38311988
 2  10 0.39300789
 2  11 0.40053966
 2  12 0.40748999
 2  13 0.41943005
 2  14 0.42353412
 2  15 0.42721857
 2  16 0.43353852
 2  17 0.43702056
 2  18 0.44230929
 2  19 0.44650790
 2  20 0.44852524
 2  21 0.45232507
 2  22 0.45529794
 2  23 0.46006204
 2  24 0.46284245
 2  25 0.46623131
 2  26 0.46868083
 2  27 0.47273110
 2  28 0.47930118
 2  29 0.48200974
 2  30 0.48481395
 2  31 0.48970586
 2  32 0.49276892
 2  33 0.49826420
 2  34 0.50225351
 2  35 0.50487340
 2  36 0.50739040
 2  37 0.51326893
 2  38 0.51510235
 2  39 0.51814647
 2  40 0.51967517
 2  41 0.52255851
 2  42 0.52767203
 2  43 0.53108282
 2  44 0.53672703
 2  45 0.54090852
 2  46 0.54201640
 2  47 0.54333515
 2  48 0.54822429
 2  49 0.54989554
 2  50 0.55294726
 2  51 0.55526945
 2  52 0.56010893
 2  53 0.56190285
 2  54 0.56594912
 2  55 0.57096490
 2  56 0.57456679
 2  57 0.57674257
 2  58 0.57994690
 2  59 0.58208783
 2  60 0.58376440
 2  61 0.58675761
 2  62 0.58997080
 2  63 0.59278573
 2  64 0.59706458
 2  65 0.60090642
 2  66 0.60871254
 2  67 0.61061053
 2  68 0.61479065
 2  69 0.61738994
 2  70 0.62045425
 2  71 0.62337576
 2  72 0.62664248
 2  73 0.62929455
 2  74 0.63297168
 2  75 0.63870970
 2  76 0.64140048
 2  77 0.64403801
 2  78 0.64739257
 2  79 0.65142767
 2  80 0.65731340
 2  81 0.66167434
 2  82 0.67007589
 2  83 0.67325901
 2  84 0.67528655
 2  85 0.68092157
 2  86 0.68747484
 2  87 0.69289961
 2  88 0.70167920
 2  89 0.70659745
 2  90 0.71301664
 2  91 0.71880344
 2  92 0.72584552
 2  93 0.72852471
 2  94 0.73977217
 2  95 0.76774573
 2  96 0.78645347
 2  97 0.81786575
 2  98 0.83627782
 2  99 0.86985814
 2 100 0.90076266
 2 101 1.00000000
 3   1 0.00000000
 3   2 0.20772313
 3   3 0.25548152
 3   4 0.28700315
 3   5 0.30808410
 3   6 0.31852790
 3   7 0.33480881
 3   8 0.35016234
 3   9 0.36713124
 3  10 0.37368650
 3  11 0.38055421
 3  12 0.38736255
 3  13 0.39459495
 3  14 0.40049193
 3  15 0.40458242
 3  16 0.41288058
 3  17 0.41965712
 3  18 0.42170082
 3  19 0.42524814
 3  20 0.42937019
 3  21 0.43370812
 3  22 0.43603365
 3  23 0.43807121
 3  24 0.44228244
 3  25 0.44799785
 3  26 0.45318104
 3  27 0.45888790
 3  28 0.46769812
 3  29 0.46938349
 3  30 0.47148951
 3  31 0.47375262
 3  32 0.47550517
 3  33 0.47800008
 3  34 0.48014272
 3  35 0.48445868
 3  36 0.48765020
 3  37 0.49301260
 3  38 0.49624386
 3  39 0.49863321
 3  40 0.50105661
 3  41 0.50462172
 3  42 0.50674334
 3  43 0.50962534
 3  44 0.51481915
 3  45 0.51595110
 3  46 0.51890436
 3  47 0.52411179
 3  48 0.52660542
 3  49 0.52759946
 3  50 0.53150779
 3  51 0.53684869
 3  52 0.53986826
 3  53 0.54191401
 3  54 0.54431204
 3  55 0.54764828
 3  56 0.55308232
 3  57 0.55789733
 3  58 0.56069653
 3  59 0.56451699
 3  60 0.56911108
 3  61 0.57211125
 3  62 0.57447584
 3  63 0.58042801
 3  64 0.58348977
 3  65 0.58475985
 3  66 0.58733279
 3  67 0.58917630
 3  68 0.59103854
 3  69 0.59589887
 3  70 0.60192421
 3  71 0.60510953
 3  72 0.60819582
 3  73 0.61343025
 3  74 0.61817753
 3  75 0.62086160
 3  76 0.62541385
 3  77 0.62807423
 3  78 0.63498693
 3  79 0.63967084
 3  80 0.64390578
 3  81 0.64804478
 3  82 0.65797535
 3  83 0.66397996
 3  84 0.67188405
 3  85 0.67751275
 3  86 0.68929934
 3  87 0.69439253
 3  88 0.70073227
 3  89 0.71673154
 3  90 0.72528096
 3  91 0.72704773
 3  92 0.74909415
 3  93 0.76064309
 3  94 0.76706347
 3  95 0.79825624
 3  96 0.82110668
 3  97 0.83607781
 3  98 0.84759453
 3  99 0.88723877
 3 100 0.91113973
 3 101 1.00000000
 4   1 0.00000000
 4   2 0.22272336
 4   3 0.24206814
 4   4 0.27712809
 4   5 0.29472907
 4   6 0.30427827
 4   7 0.31310589
 4   8 0.33541272
 4   9 0.34152717
 4  10 0.34734789
 4  11 0.35897163
 4  12 0.37229146
 4  13 0.37719110
 4  14 0.39271363
 4  15 0.40458193
 4  16 0.40985310
 4  17 0.41406844
 4  18 0.41652897
 4  19 0.42373108
 4  20 0.42974753
 4  21 0.43160297
 4  22 0.43239993
 4  23 0.43370137
 4  24 0.43639199
 4  25 0.44433333
 4  26 0.44625283
 4  27 0.44799011
 4  28 0.45454517
 4  29 0.46230616
 4  30 0.46946359
 4  31 0.47465965
 4  32 0.47893629
 4  33 0.48256472
 4  34 0.48687186
 4  35 0.48835425
 4  36 0.49216684
 4  37 0.49607866
 4  38 0.50096144
 4  39 0.50313428
 4  40 0.50504752
 4  41 0.50946313
 4  42 0.51161559
 4  43 0.51332339
 4  44 0.51396647
 4  45 0.51583928
 4  46 0.51930642
 4  47 0.52544464
 4  48 0.53328949
 4  49 0.53993518
 4  50 0.54611311
 4  51 0.54724723
 4  52 0.55005898
 4  53 0.55183204
 4  54 0.55332420
 4  55 0.55766397
 4  56 0.56169788
 4  57 0.56383255
 4  58 0.56658251
 4  59 0.57050004
 4  60 0.58078437
 4  61 0.58192048
 4  62 0.58340917
 4  63 0.58720942
 4  64 0.59668876
 4  65 0.60158896
 4  66 0.60406157
 4  67 0.61075377
 4  68 0.61460132
 4  69 0.61612034
 4  70 0.61682967
 4  71 0.61738325
 4  72 0.61854207
 4  73 0.62132092
 4  74 0.63024427
 4  75 0.63848910
 4  76 0.64051616
 4  77 0.64509400
 4  78 0.64748547
 4  79 0.65814413
 4  80 0.66313622
 4  81 0.66980433
 4  82 0.69197336
 4  83 0.69334480
 4  84 0.69563691
 4  85 0.69678063
 4  86 0.70007561
 4  87 0.71151676
 4  88 0.73066000
 4  89 0.75101864
 4  90 0.76069808
 4  91 0.77044465
 4  92 0.77309478
 4  93 0.79240268
 4  94 0.82886325
 4  95 0.86314018
 4  96 0.87127230
 4  97 0.91602564
 4  98 0.92588511
 4  99 0.94073848
 4 100 0.96160291
 4 101 1.00000000
 5   1 0.00000000
 5   2 0.12049556
 5   3 0.17126285
 5   4 0.19567863
 5   5 0.20310056
 5   6 0.22140941
 5   7 0.26433950
 5   8 0.26950052
 5   9 0.29508341
 5  10 0.30867186
 5  11 0.31533946
 5  12 0.32582285
 5  13 0.33674765
 5  14 0.35136547
 5  15 0.35974981
 5  16 0.36366135
 5  17 0.36989509
 5  18 0.37397000
 5  19 0.38042535
 5  20 0.38448220
 5  21 0.38567628
 5  22 0.38979500
 5  23 0.39450987
 5  24 0.39946204
 5  25 0.41471295
 5  26 0.41812014
 5  27 0.42720836
 5  28 0.43009769
 5  29 0.43332012
 5  30 0.44415410
 5  31 0.44895258
 5  32 0.45754319
 5  33 0.46161764
 5  34 0.46527340
 5  35 0.46739236
 5  36 0.46936406
 5  37 0.47452197
 5  38 0.48105610
 5  39 0.48251952
 5  40 0.48636103
 5  41 0.49215791
 5  42 0.49473383
 5  43 0.49751476
 5  44 0.49982268
 5  45 0.50555081
 5  46 0.51068712
 5  47 0.51375789
 5  48 0.51784789
 5  49 0.52236594
 5  50 0.52478385
 5  51 0.52698121
 5  52 0.53036882
 5  53 0.53328151
 5  54 0.53610146
 5  55 0.53961677
 5  56 0.54537588
 5  57 0.55041944
 5  58 0.55358721
 5  59 0.55639826
 5  60 0.55770622
 5  61 0.55916867
 5  62 0.56576399
 5  63 0.56811215
 5  64 0.57154756
 5  65 0.57637833
 5  66 0.57729646
 5  67 0.58205057
 5  68 0.58887342
 5  69 0.59255971
 5  70 0.59333877
 5  71 0.60037502
 5  72 0.61292861
 5  73 0.61803434
 5  74 0.62916769
 5  75 0.63196221
 5  76 0.63429312
 5  77 0.63666822
 5  78 0.64248373
 5  79 0.65161203
 5  80 0.66058352
 5  81 0.66791633
 5  82 0.67239331
 5  83 0.67735542
 5  84 0.68144776
 5  85 0.69141901
 5  86 0.69754668
 5  87 0.70509764
 5  88 0.70857874
 5  89 0.71475335
 5  90 0.72691620
 5  91 0.73146979
 5  92 0.74190556
 5  93 0.75026524
 5  94 0.75147915
 5  95 0.76564209
 5  96 0.78143700
 5  97 0.78391016
 5  98 0.80253073
 5  99 0.81626049
 5 100 0.85535024
 5 101 1.00000000
 6   1 0.00000000
 6   2 0.12908713
 6   3 0.15112989
 6   4 0.17447181
 6   5 0.18626579
 6   6 0.20575572
 6   7 0.21918000
 6   8 0.23642326
 6   9 0.24246837
 6  10 0.26230960
 6  11 0.26627697
 6  12 0.27348939
 6  13 0.27981620
 6  14 0.30571386
 6  15 0.34202305
 6  16 0.34379400
 6  17 0.35675906
 6  18 0.36194473
 6  19 0.37277088
 6  20 0.41690584
 6  21 0.44219582
 6  22 0.46256807
 6  23 0.46824968
 6  24 0.48522042
 6  25 0.50150773
 6  26 0.50827236
 6  27 0.51694262
 6  28 0.53010023
 6  29 0.53351796
 6  30 0.54810153
 6  31 0.56398629
 6  32 0.59004496
 6  33 0.59611479
 6  34 0.59944564
 6  35 0.60304130
 6  36 0.60473084
 6  37 0.60895727
 6  38 0.61135646
 6  39 0.61312309
 6  40 0.61718069
 6  41 0.62332889
 6  42 0.62561633
 6  43 0.62924085
 6  44 0.63421326
 6  45 0.63644716
 6  46 0.63815675
 6  47 0.64796026
 6  48 0.65049286
 6  49 0.65487307
 6  50 0.66003495
 6  51 0.66217674
 6  52 0.66677382
 6  53 0.66890300
 6  54 0.66952016
 6  55 0.67487572
 6  56 0.67983081
 6  57 0.68458221
 6  58 0.68665733
 6  59 0.68963618
 6  60 0.69231007
 6  61 0.69455734
 6  62 0.69535669
 6  63 0.69923172
 6  64 0.70453348
 6  65 0.70868719
 6  66 0.71111323
 6  67 0.71359382
 6  68 0.71740194
 6  69 0.72838728
 6  70 0.74920518
 6  71 0.75738086
 6  72 0.76433736
 6  73 0.76773238
 6  74 0.77011624
 6  75 0.77755438
 6  76 0.79118463
 6  77 0.79967654
 6  78 0.81037872
 6  79 0.81866352
 6  80 0.82474736
 6  81 0.83338802
 6  82 0.84418330
 6  83 0.85289064
 6  84 0.85429907
 6  85 0.86017475
 6  86 0.86402443
 6  87 0.86652574
 6  88 0.86974654
 6  89 0.87479665
 6  90 0.87980690
 6  91 0.88562073
 6  92 0.89603077
 6  93 0.90104456
 6  94 0.90958897
 6  95 0.91255388
 6  96 0.92031043
 6  97 0.94626716
 6  98 0.95856739
 6  99 0.97357869
 6 100 0.98044735
 6 101 1.00000000
 7   1 0.00000000
 7   2 0.10624406
 7   3 0.11825734
 7   4 0.12859192
 7   5 0.13617520
 7   6 0.14312021
 7   7 0.15331808
 7   8 0.15999853
 7   9 0.16786239
 7  10 0.17535936
 7  11 0.18174734
 7  12 0.18806520
 7  13 0.19350656
 7  14 0.19867713
 7  15 0.20192555
 7  16 0.20767915
 7  17 0.21229996
 7  18 0.21660997
 7  19 0.22153921
 7  20 0.22649732
 7  21 0.22998808
 7  22 0.23682685
 7  23 0.24198904
 7  24 0.24865069
 7  25 0.25810702
 7  26 0.27015726
 7  27 0.28564376
 7  28 0.29634454
 7  29 0.30231486
 7  30 0.30813823
 7  31 0.31604019
 7  32 0.32328234
 7  33 0.33242556
 7  34 0.35100425
 7  35 0.36847333
 7  36 0.39318628
 7  37 0.41160063
 7  38 0.43845083
 7  39 0.45305608
 7  40 0.47168385
 7  41 0.47572206
 7  42 0.48132098
 7  43 0.48492490
 7  44 0.49177876
 7  45 0.49515819
 7  46 0.49969820
 7  47 0.51217525
 7  48 0.51771625
 7  49 0.52174823
 7  50 0.52796703
 7  51 0.53367636
 7  52 0.54279681
 7  53 0.55000930
 7  54 0.56399466
 7  55 0.56920961
 7  56 0.57453730
 7  57 0.58187821
 7  58 0.58820492
 7  59 0.59614480
 7  60 0.60765797
 7  61 0.61204574
 7  62 0.61618841
 7  63 0.62870756
 7  64 0.63249641
 7  65 0.63566565
 7  66 0.64189027
 7  67 0.64825459
 7  68 0.65220677
 7  69 0.66236038
 7  70 0.66742903
 7  71 0.67509005
 7  72 0.67750189
 7  73 0.68246370
 7  74 0.68681530
 7  75 0.69462403
 7  76 0.69786257
 7  77 0.70590761
 7  78 0.71091549
 7  79 0.72693651
 7  80 0.72992832
 7  81 0.73943249
 7  82 0.74946254
 7  83 0.75380764
 7  84 0.76218121
 7  85 0.76621821
 7  86 0.77157676
 7  87 0.77752427
 7  88 0.78683349
 7  89 0.80614092
 7  90 0.81403985
 7  91 0.82656994
 7  92 0.83508649
 7  93 0.84293909
 7  94 0.85370039
 7  95 0.86413090
 7  96 0.87145678
 7  97 0.87946282
 7  98 0.89669788
 7  99 0.92906230
 7 100 0.96166049
 7 101 1.00000000
 8   1 0.00000000
 8   2 0.17332771
 8   3 0.21788681
 8   4 0.27955716
 8   5 0.37464272
 8   6 0.40411860
 8   7 0.42575339
 8   8 0.43769277
 8   9 0.44769488
 8  10 0.45609159
 8  11 0.46904348
 8  12 0.47290762
 8  13 0.47824911
 8  14 0.48723974
 8  15 0.49197652
 8  16 0.50013609
 8  17 0.50221395
 8  18 0.50815346
 8  19 0.51450096
 8  20 0.52092106
 8  21 0.52512384
 8  22 0.53429869
 8  23 0.53542397
 8  24 0.53674630
 8  25 0.54435798
 8  26 0.54614908
 8  27 0.55065115
 8  28 0.55287843
 8  29 0.55582684
 8  30 0.56018763
 8  31 0.56288871
 8  32 0.56940409
 8  33 0.57350951
 8  34 0.58175542
 8  35 0.58775411
 8  36 0.59181372
 8  37 0.59385305
 8  38 0.59942834
 8  39 0.60239140
 8  40 0.60461927
 8  41 0.60617578
 8  42 0.61095064
 8  43 0.61284975
 8  44 0.61836393
 8  45 0.62163268
 8  46 0.62842611
 8  47 0.63317087
 8  48 0.63494174
 8  49 0.63916098
 8  50 0.64349510
 8  51 0.64723939
 8  52 0.65608244
 8  53 0.66363001
 8  54 0.66501043
 8  55 0.66769242
 8  56 0.66939053
 8  57 0.67126862
 8  58 0.67684425
 8  59 0.68014066
 8  60 0.68271284
 8  61 0.68391228
 8  62 0.68697441
 8  63 0.69656554
 8  64 0.69940796
 8  65 0.70062181
 8  66 0.70183765
 8  67 0.70396192
 8  68 0.70663507
 8  69 0.70809298
 8  70 0.70888574
 8  71 0.71489469
 8  72 0.72408754
 8  73 0.72956891
 8  74 0.73289161
 8  75 0.73533030
 8  76 0.74679282
 8  77 0.74960172
 8  78 0.75174490
 8  79 0.76041741
 8  80 0.76723549
 8  81 0.76876126
 8  82 0.77105656
 8  83 0.77998746
 8  84 0.78723740
 8  85 0.79218578
 8  86 0.79900412
 8  87 0.80116952
 8  88 0.81011863
 8  89 0.81817170
 8  90 0.83028287
 8  91 0.83156394
 8  92 0.83537259
 8  93 0.84708716
 8  94 0.85580032
 8  95 0.86815718
 8  96 0.88802973
 8  97 0.89463612
 8  98 0.90267958
 8  99 0.90769211
 8 100 0.93628461
 8 101 1.00000000
 9   1 0.00000000
 9   2 0.20305484
 9   3 0.24960480
 9   4 0.29785841
 9   5 0.31689042
 9   6 0.32861869
 9   7 0.34149239
 9   8 0.35217435
 9   9 0.36300868
 9  10 0.37423195
 9  11 0.38184954
 9  12 0.38926544
 9  13 0.39330499
 9  14 0.39925184
 9  15 0.40657039
 9  16 0.41231063
 9  17 0.42287121
 9  18 0.42714925
 9  19 0.43459640
 9  20 0.43854764
 9  21 0.44502775
 9  22 0.44871693
 9  23 0.45320203
 9  24 0.45556357
 9  25 0.45934996
 9  26 0.46256914
 9  27 0.46658686
 9  28 0.47184764
 9  29 0.47878075
 9  30 0.48073743
 9  31 0.48373682
 9  32 0.48761728
 9  33 0.49124300
 9  34 0.49430263
 9  35 0.49781667
 9  36 0.50046168
 9  37 0.50385808
 9  38 0.50696417
 9  39 0.50875976
 9  40 0.51179412
 9  41 0.51366409
 9  42 0.51697933
 9  43 0.52059292
 9  44 0.52260460
 9  45 0.52486770
 9  46 0.52716457
 9  47 0.52988309
 9  48 0.53350923
 9  49 0.53549294
 9  50 0.53917424
 9  51 0.54352426
 9  52 0.54625632
 9  53 0.54760604
 9  54 0.55124063
 9  55 0.55400752
 9  56 0.55741413
 9  57 0.56164790
 9  58 0.56547175
 9  59 0.56915252
 9  60 0.57368068
 9  61 0.57625474
 9  62 0.57979850
 9  63 0.58189555
 9  64 0.58746333
 9  65 0.59085614
 9  66 0.59522937
 9  67 0.59989547
 9  68 0.60521029
 9  69 0.60865435
 9  70 0.61234402
 9  71 0.61504132
 9  72 0.61788308
 9  73 0.62202532
 9  74 0.62499356
 9  75 0.62950146
 9  76 0.63221015
 9  77 0.63481993
 9  78 0.63786448
 9  79 0.64357906
 9  80 0.64560325
 9  81 0.64824744
 9  82 0.65304457
 9  83 0.66036821
 9  84 0.66359535
 9  85 0.66564275
 9  86 0.67086610
 9  87 0.67769914
 9  88 0.68058757
 9  89 0.68816039
 9  90 0.69401641
 9  91 0.70102022
 9  92 0.71560124
 9  93 0.72177911
 9  94 0.73153121
 9  95 0.75069946
 9  96 0.76934987
 9  97 0.79306974
 9  98 0.81715350
 9  99 0.85214696
 9 100 0.88494626
 9 101 1.00000000
10   1 0.00000000
10   2 0.03375838
10   3 0.10029310
10   4 0.15372889
10   5 0.15890489
10   6 0.16639384
10   7 0.17281670
10   8 0.18270627
10   9 0.19698969
10  10 0.20365392
10  11 0.23337241
10  12 0.26136404
10  13 0.27763720
10  14 0.27807655
10  15 0.27996713
10  16 0.28423898
10  17 0.29031944
10  18 0.29606367
10  19 0.29887029
10  20 0.30356032
10  21 0.31399274
10  22 0.33596476
10  23 0.34171036
10  24 0.34500496
10  25 0.35084555
10  26 0.36416089
10  27 0.36468382
10  28 0.36704793
10  29 0.37317371
10  30 0.38399971
10  31 0.38957659
10  32 0.39489542
10  33 0.40324573
10  34 0.41550325
10  35 0.42446441
10  36 0.43394367
10  37 0.44498232
10  38 0.46042853
10  39 0.49095961
10  40 0.50504754
10  41 0.51102282
10  42 0.51585908
10  43 0.53339872
10  44 0.53558182
10  45 0.54514383
10  46 0.55866825
10  47 0.56458228
10  48 0.56620067
10  49 0.57394997
10  50 0.58653382
10  51 0.60154213
10  52 0.60273521
10  53 0.60368798
10  54 0.60487104
10  55 0.60662157
10  56 0.60805780
10  57 0.61487568
10  58 0.62091979
10  59 0.62375141
10  60 0.63078390
10  61 0.63832410
10  62 0.64311410
10  63 0.64487466
10  64 0.64757803
10  65 0.64892582
10  66 0.65143990
10  67 0.65534644
10  68 0.65968057
10  69 0.66526438
10  70 0.66872025
10  71 0.67043095
10  72 0.67188783
10  73 0.67565638
10  74 0.68125839
10  75 0.68704473
10  76 0.69107546
10  77 0.71095091
10  78 0.71883466
10  79 0.72230171
10  80 0.72757569
10  81 0.73087777
10  82 0.73238315
10  83 0.73356307
10  84 0.73565655
10  85 0.74181941
10  86 0.74624937
10  87 0.75355174
10  88 0.76342458
10  89 0.76724636
10  90 0.76940057
10  91 0.78033368
10  92 0.79619295
10  93 0.79984132
10  94 0.80950519
10  95 0.82993603
10  96 0.85453198
10  97 0.87030588
10  98 0.89716648
10  99 0.92272675
10 100 0.95398240
10 101 1.00000000
11   1 0.00000000
11   2 0.35742196
11   3 0.40649775
11   4 0.43462700
11   5 0.45357625
11   6 0.46719677
11   7 0.48166362
11   8 0.49442643
11   9 0.50197978
11  10 0.50874918
11  11 0.51714085
11  12 0.52304490
11  13 0.52978342
11  14 0.53491285
11  15 0.54042891
11  16 0.54521024
11  17 0.55005597
11  18 0.55471972
11  19 0.55849890
11  20 0.56153207
11  21 0.56557054
11  22 0.56930704
11  23 0.57273679
11  24 0.57600689
11  25 0.57977477
11  26 0.58319637
11  27 0.58705279
11  28 0.59067474
11  29 0.59481465
11  30 0.59767617
11  31 0.60117918
11  32 0.60431449
11  33 0.60814902
11  34 0.61100967
11  35 0.61389747
11  36 0.61641709
11  37 0.61933924
11  38 0.62292511
11  39 0.62661693
11  40 0.62977248
11  41 0.63260557
11  42 0.63604053
11  43 0.63917538
11  44 0.64152995
11  45 0.64420272
11  46 0.64684686
11  47 0.64912112
11  48 0.65163758
11  49 0.65469739
11  50 0.65700021
11  51 0.65935000
11  52 0.66148499
11  53 0.66413167
11  54 0.66700525
11  55 0.66997319
11  56 0.67219000
11  57 0.67461357
11  58 0.67698817
11  59 0.67898920
11  60 0.68197930
11  61 0.68476051
11  62 0.68714868
11  63 0.68938906
11  64 0.69196633
11  65 0.69463439
11  66 0.69681424
11  67 0.69979454
11  68 0.70272027
11  69 0.70604085
11  70 0.70862899
11  71 0.71148045
11  72 0.71476095
11  73 0.71802380
11  74 0.72046849
11  75 0.72334179
11  76 0.72610583
11  77 0.72875104
11  78 0.73169397
11  79 0.73445641
11  80 0.73746084
11  81 0.74064857
11  82 0.74457494
11  83 0.74820150
11  84 0.75197336
11  85 0.75573650
11  86 0.75979027
11  87 0.76463366
11  88 0.76890348
11  89 0.77392752
11  90 0.78049466
11  91 0.78435797
11  92 0.78942914
11  93 0.79516743
11  94 0.80267508
11  95 0.80904307
11  96 0.81714658
11  97 0.82837106
11  98 0.84241818
11  99 0.85667632
11 100 0.88532823
11 101 1.00000000
12   1 0.00000000
12   2 0.31310285
12   3 0.35113451
12   4 0.37353983
12   5 0.39986795
12   6 0.41705524
12   7 0.42773967
12   8 0.43812960
12   9 0.44687410
12  10 0.45538796
12  11 0.46314705
12  12 0.46990951
12  13 0.47604281
12  14 0.48200143
12  15 0.48843065
12  16 0.49382002
12  17 0.49882882
12  18 0.50384567
12  19 0.50862897
12  20 0.51385951
12  21 0.51764898
12  22 0.52146965
12  23 0.52496872
12  24 0.52777998
12  25 0.53015401
12  26 0.53306485
12  27 0.53581801
12  28 0.53891662
12  29 0.54144771
12  30 0.54424016
12  31 0.54714761
12  32 0.54988806
12  33 0.55251559
12  34 0.55559133
12  35 0.55875552
12  36 0.56112039
12  37 0.56397795
12  38 0.56713267
12  39 0.56960038
12  40 0.57150981
12  41 0.57385448
12  42 0.57672379
12  43 0.57928282
12  44 0.58123916
12  45 0.58347131
12  46 0.58585815
12  47 0.58867736
12  48 0.59182366
12  49 0.59491713
12  50 0.59740752
12  51 0.59979197
12  52 0.60206626
12  53 0.60473794
12  54 0.60667538
12  55 0.60906895
12  56 0.61131336
12  57 0.61457629
12  58 0.61749844
12  59 0.62034686
12  60 0.62335023
12  61 0.62582437
12  62 0.62868598
12  63 0.63122645
12  64 0.63367067
12  65 0.63612303
12  66 0.63820541
12  67 0.64106942
12  68 0.64320050
12  69 0.64610775
12  70 0.64885696
12  71 0.65101715
12  72 0.65324270
12  73 0.65609589
12  74 0.65870667
12  75 0.66153577
12  76 0.66401447
12  77 0.66714892
12  78 0.67036460
12  79 0.67339098
12  80 0.67580897
12  81 0.67920353
12  82 0.68177664
12  83 0.68551232
12  84 0.69056198
12  85 0.69437129
12  86 0.69849320
12  87 0.70438184
12  88 0.70813200
12  89 0.71337489
12  90 0.71847532
12  91 0.72234939
12  92 0.72701181
12  93 0.73519146
12  94 0.74506704
12  95 0.75311194
12  96 0.76092922
12  97 0.77312949
12  98 0.78408113
12  99 0.80441529
12 100 0.83200083
12 101 1.00000000
13   1 0.00000000
13   2 0.30982477
13   3 0.33583383
13   4 0.35607448
13   5 0.37609157
13   6 0.39057339
13   7 0.40966510
13   8 0.42667872
13   9 0.44038417
13  10 0.44895345
13  11 0.45581183
13  12 0.46300889
13  13 0.47069239
13  14 0.47594802
13  15 0.48033181
13  16 0.49011789
13  17 0.49814127
13  18 0.50321557
13  19 0.50808694
13  20 0.51507011
13  21 0.52115222
13  22 0.52677267
13  23 0.53358730
13  24 0.53896039
13  25 0.54413547
13  26 0.54879441
13  27 0.55336035
13  28 0.55729424
13  29 0.56105421
13  30 0.56493382
13  31 0.56840767
13  32 0.57210237
13  33 0.57654447
13  34 0.58063460
13  35 0.58556729
13  36 0.58870411
13  37 0.59210251
13  38 0.59696172
13  39 0.60009034
13  40 0.60542876
13  41 0.60785440
13  42 0.61276041
13  43 0.61586157
13  44 0.62015084
13  45 0.62386311
13  46 0.62772495
13  47 0.63046725
13  48 0.63330776
13  49 0.63680089
13  50 0.64022869
13  51 0.64348706
13  52 0.64693309
13  53 0.65068604
13  54 0.65360132
13  55 0.65627981
13  56 0.65924898
13  57 0.66189994
13  58 0.66443557
13  59 0.66862700
13  60 0.67304025
13  61 0.67644245
13  62 0.68066907
13  63 0.68472193
13  64 0.68769968
13  65 0.69082502
13  66 0.69334293
13  67 0.69660669
13  68 0.69941303
13  69 0.70197576
13  70 0.70438414
13  71 0.70719806
13  72 0.71040594
13  73 0.71339147
13  74 0.71671127
13  75 0.71972780
13  76 0.72424323
13  77 0.72779115
13  78 0.73170991
13  79 0.73694749
13  80 0.74263019
13  81 0.74665894
13  82 0.75098542
13  83 0.75489023
13  84 0.76125641
13  85 0.76724273
13  86 0.77159670
13  87 0.77758497
13  88 0.78389398
13  89 0.78955326
13  90 0.79654446
13  91 0.80712127
13  92 0.81332094
13  93 0.81892425
13  94 0.82666728
13  95 0.83467491
13  96 0.84349706
13  97 0.85591656
13  98 0.87784708
13  99 0.88940443
13 100 0.90894735
13 101 1.00000000
14   1 0.00000000
14   2 0.38259841
14   3 0.40649858
14   4 0.42560601
14   5 0.43899278
14   6 0.44651189
14   7 0.45512178
14   8 0.46202959
14   9 0.46933947
14  10 0.47583542
14  11 0.48169503
14  12 0.48561962
14  13 0.49076827
14  14 0.49424883
14  15 0.49820180
14  16 0.50229942
14  17 0.50579436
14  18 0.50899468
14  19 0.51260367
14  20 0.51608265
14  21 0.51935939
14  22 0.52211903
14  23 0.52621643
14  24 0.52868120
14  25 0.53147452
14  26 0.53434660
14  27 0.53732977
14  28 0.54040320
14  29 0.54277858
14  30 0.54548286
14  31 0.54819961
14  32 0.55065439
14  33 0.55352077
14  34 0.55662615
14  35 0.55894598
14  36 0.56114085
14  37 0.56322474
14  38 0.56578451
14  39 0.56895853
14  40 0.57158114
14  41 0.57381515
14  42 0.57603146
14  43 0.57790407
14  44 0.58000625
14  45 0.58234485
14  46 0.58470053
14  47 0.58695047
14  48 0.58930245
14  49 0.59179667
14  50 0.59417592
14  51 0.59598382
14  52 0.59857437
14  53 0.60096118
14  54 0.60311859
14  55 0.60468034
14  56 0.60707544
14  57 0.60932467
14  58 0.61113515
14  59 0.61328581
14  60 0.61529965
14  61 0.61740326
14  62 0.61920100
14  63 0.62170106
14  64 0.62412452
14  65 0.62684654
14  66 0.62882894
14  67 0.63155734
14  68 0.63423912
14  69 0.63722386
14  70 0.63983471
14  71 0.64291389
14  72 0.64556763
14  73 0.64942873
14  74 0.65314598
14  75 0.65630491
14  76 0.65894468
14  77 0.66187472
14  78 0.66542477
14  79 0.66900144
14  80 0.67310313
14  81 0.67635639
14  82 0.67965957
14  83 0.68273030
14  84 0.68604567
14  85 0.69058487
14  86 0.69605159
14  87 0.70073802
14  88 0.70475119
14  89 0.70928369
14  90 0.71397713
14  91 0.71968937
14  92 0.72620180
14  93 0.73146820
14  94 0.73954094
14  95 0.75065919
14  96 0.76091543
14  97 0.77024178
14  98 0.78339656
14  99 0.80050994
14 100 0.82730893
14 101 1.00000000
15   1 0.00000000
15   2 0.31149396
15   3 0.34817698
15   4 0.36992910
15   5 0.38763067
15   6 0.40282451
15   7 0.41924726
15   8 0.42877610
15   9 0.43857670
15  10 0.44700636
15  11 0.45484881
15  12 0.46453927
15  13 0.47213566
15  14 0.47859991
15  15 0.48633091
15  16 0.49162222
15  17 0.49696713
15  18 0.50191886
15  19 0.50785444
15  20 0.51214601
15  21 0.51609899
15  22 0.52039551
15  23 0.52481871
15  24 0.52743396
15  25 0.53123810
15  26 0.53437954
15  27 0.53808280
15  28 0.54031988
15  29 0.54421027
15  30 0.54766490
15  31 0.55147925
15  32 0.55534235
15  33 0.55856025
15  34 0.56165572
15  35 0.56571358
15  36 0.56885050
15  37 0.57192587
15  38 0.57498482
15  39 0.57801356
15  40 0.58198016
15  41 0.58513477
15  42 0.58862530
15  43 0.59210156
15  44 0.59437488
15  45 0.59695413
15  46 0.59901519
15  47 0.60262231
15  48 0.60525013
15  49 0.60799670
15  50 0.61114088
15  51 0.61366466
15  52 0.61607912
15  53 0.61851562
15  54 0.62039603
15  55 0.62297867
15  56 0.62567285
15  57 0.62798094
15  58 0.63059156
15  59 0.63327138
15  60 0.63584939
15  61 0.63882707
15  62 0.64136309
15  63 0.64425334
15  64 0.64704535
15  65 0.65020102
15  66 0.65287678
15  67 0.65547729
15  68 0.65825467
15  69 0.66099696
15  70 0.66455566
15  71 0.66695689
15  72 0.67022268
15  73 0.67288755
15  74 0.67538621
15  75 0.67815500
15  76 0.68106089
15  77 0.68350612
15  78 0.68660166
15  79 0.69008520
15  80 0.69398497
15  81 0.69771406
15  82 0.70162044
15  83 0.70669909
15  84 0.71240022
15  85 0.71592121
15  86 0.71964211
15  87 0.72346188
15  88 0.72776666
15  89 0.73170168
15  90 0.73618051
15  91 0.74071152
15  92 0.74647523
15  93 0.75412337
15  94 0.76412881
15  95 0.77222517
15  96 0.78342773
15  97 0.79456217
15  98 0.80489622
15  99 0.82153929
15 100 0.84820127
15 101 1.00000000
16   1 0.00000000
16   2 0.28392480
16   3 0.32051868
16   4 0.34262528
16   5 0.36132000
16   6 0.37464971
16   7 0.38561878
16   8 0.39208975
16   9 0.40252523
16  10 0.41106817
16  11 0.42640402
16  12 0.43258712
16  13 0.44295752
16  14 0.44861315
16  15 0.45640587
16  16 0.46242742
16  17 0.46874338
16  18 0.47322190
16  19 0.48047979
16  20 0.48476827
16  21 0.48986343
16  22 0.49379335
16  23 0.50046465
16  24 0.50661982
16  25 0.51284169
16  26 0.51678422
16  27 0.52048322
16  28 0.52612167
16  29 0.53178415
16  30 0.53686598
16  31 0.54284501
16  32 0.54827690
16  33 0.55314299
16  34 0.55798027
16  35 0.56243284
16  36 0.56618672
16  37 0.57076987
16  38 0.57377805
16  39 0.57703736
16  40 0.58140127
16  41 0.58397342
16  42 0.58723430
16  43 0.59013714
16  44 0.59283003
16  45 0.59646729
16  46 0.59949575
16  47 0.60341159
16  48 0.60626167
16  49 0.60994668
16  50 0.61367196
16  51 0.62115727
16  52 0.62634077
16  53 0.63081376
16  54 0.63420741
16  55 0.63807277
16  56 0.64245936
16  57 0.64551324
16  58 0.64933772
16  59 0.65543072
16  60 0.65924377
16  61 0.66306386
16  62 0.66635326
16  63 0.66847830
16  64 0.67208694
16  65 0.67664901
16  66 0.68014645
16  67 0.68540500
16  68 0.68865241
16  69 0.69241736
16  70 0.69747143
16  71 0.70048965
16  72 0.70350660
16  73 0.70616186
16  74 0.71069776
16  75 0.71380269
16  76 0.71824046
16  77 0.72076377
16  78 0.72356532
16  79 0.72863092
16  80 0.73309345
16  81 0.73767790
16  82 0.74401098
16  83 0.74904269
16  84 0.75626552
16  85 0.76699563
16  86 0.77073941
16  87 0.77466541
16  88 0.78182841
16  89 0.78823394
16  90 0.79621448
16  91 0.79958085
16  92 0.80736411
16  93 0.81498619
16  94 0.82705860
16  95 0.83581957
16  96 0.84471201
16  97 0.85910085
16  98 0.87206752
16  99 0.89893517
16 100 0.92124431
16 101 1.00000000
17   1 0.00000000
17   2 0.30517759
17   3 0.33998452
17   4 0.36580018
17   5 0.37973803
17   6 0.39206802
17   7 0.40973709
17   8 0.42370629
17   9 0.43427933
17  10 0.44240240
17  11 0.45072983
17  12 0.45931095
17  13 0.46557959
17  14 0.47161982
17  15 0.48207108
17  16 0.48924817
17  17 0.49519552
17  18 0.50083753
17  19 0.50700795
17  20 0.51161727
17  21 0.51790690
17  22 0.52302996
17  23 0.52796608
17  24 0.53265922
17  25 0.53733717
17  26 0.54134935
17  27 0.54538032
17  28 0.54844955
17  29 0.55250090
17  30 0.55664338
17  31 0.56096606
17  32 0.56511929
17  33 0.56973032
17  34 0.57382883
17  35 0.57696563
17  36 0.58077315
17  37 0.58474007
17  38 0.58903098
17  39 0.59233005
17  40 0.59753388
17  41 0.60206494
17  42 0.60490213
17  43 0.60673811
17  44 0.60993368
17  45 0.61317964
17  46 0.61682798
17  47 0.62011265
17  48 0.62242862
17  49 0.62605041
17  50 0.62904344
17  51 0.63235922
17  52 0.63511236
17  53 0.63917940
17  54 0.64192178
17  55 0.64462372
17  56 0.64839050
17  57 0.65109307
17  58 0.65487496
17  59 0.65852951
17  60 0.66266919
17  61 0.66614140
17  62 0.67015560
17  63 0.67366037
17  64 0.67563755
17  65 0.67964433
17  66 0.68202894
17  67 0.68477693
17  68 0.68794883
17  69 0.69049044
17  70 0.69318600
17  71 0.69532098
17  72 0.69803976
17  73 0.70070652
17  74 0.70447924
17  75 0.70923486
17  76 0.71432610
17  77 0.71885403
17  78 0.72515573
17  79 0.72861722
17  80 0.73190968
17  81 0.73650198
17  82 0.74106502
17  83 0.74492661
17  84 0.74895239
17  85 0.75440762
17  86 0.76083581
17  87 0.76527298
17  88 0.76974916
17  89 0.77508647
17  90 0.78400478
17  91 0.79178142
17  92 0.79646460
17  93 0.80386394
17  94 0.81033438
17  95 0.81796381
17  96 0.82657372
17  97 0.83405810
17  98 0.85088163
17  99 0.86714007
17 100 0.90051188
17 101 1.00000000
18   1 0.00000000
18   2 0.43379381
18   3 0.45987304
18   4 0.48105199
18   5 0.49220371
18   6 0.50587394
18   7 0.51396624
18   8 0.52123083
18   9 0.52797971
18  10 0.53405730
18  11 0.53941109
18  12 0.54490351
18  13 0.54978615
18  14 0.55577077
18  15 0.56078280
18  16 0.56487672
18  17 0.56858100
18  18 0.57259941
18  19 0.57621559
18  20 0.57971796
18  21 0.58320582
18  22 0.58609791
18  23 0.58970030
18  24 0.59266173
18  25 0.59656106
18  26 0.59972120
18  27 0.60256265
18  28 0.60641859
18  29 0.60911364
18  30 0.61180728
18  31 0.61392370
18  32 0.61627899
18  33 0.61854431
18  34 0.62081363
18  35 0.62287940
18  36 0.62555912
18  37 0.62748325
18  38 0.63028168
18  39 0.63259327
18  40 0.63519102
18  41 0.63702153
18  42 0.63896237
18  43 0.64095541
18  44 0.64278026
18  45 0.64502698
18  46 0.64694854
18  47 0.64893757
18  48 0.65102699
18  49 0.65311347
18  50 0.65538375
18  51 0.65740528
18  52 0.65970935
18  53 0.66174316
18  54 0.66379910
18  55 0.66606501
18  56 0.66852117
18  57 0.67126800
18  58 0.67359140
18  59 0.67599318
18  60 0.67837350
18  61 0.68113123
18  62 0.68348162
18  63 0.68577008
18  64 0.68762992
18  65 0.69005593
18  66 0.69232156
18  67 0.69464388
18  68 0.69691540
18  69 0.69949751
18  70 0.70282891
18  71 0.70531369
18  72 0.70802679
18  73 0.71064389
18  74 0.71324221
18  75 0.71598515
18  76 0.71909036
18  77 0.72245103
18  78 0.72485521
18  79 0.72808672
18  80 0.73186821
18  81 0.73507502
18  82 0.73895900
18  83 0.74208193
18  84 0.74623283
18  85 0.75054991
18  86 0.75462816
18  87 0.75797564
18  88 0.76374128
18  89 0.76899168
18  90 0.77530246
18  91 0.78115811
18  92 0.78619113
18  93 0.79179302
18  94 0.79828079
18  95 0.80523923
18  96 0.81530325
18  97 0.82499165
18  98 0.84386405
18  99 0.86253020
18 100 0.89590486
18 101 1.00000000
19   1 0.00000000
19   2 0.36363528
19   3 0.39819420
19   4 0.41625768
19   5 0.43408102
19   6 0.44385695
19   7 0.45067784
19   8 0.45824193
19   9 0.46893232
19  10 0.47438089
19  11 0.48087313
19  12 0.48424508
19  13 0.48960482
19  14 0.49335659
19  15 0.49793954
19  16 0.50135844
19  17 0.50376370
19  18 0.50710623
19  19 0.51027340
19  20 0.51432156
19  21 0.51778487
19  22 0.52125068
19  23 0.52389243
19  24 0.52675114
19  25 0.52983706
19  26 0.53216887
19  27 0.53596884
19  28 0.53856074
19  29 0.54130186
19  30 0.54462912
19  31 0.54752525
19  32 0.55071510
19  33 0.55260795
19  34 0.55540673
19  35 0.55701288
19  36 0.56070100
19  37 0.56284401
19  38 0.56502812
19  39 0.56805818
19  40 0.57104997
19  41 0.57454737
19  42 0.57696411
19  43 0.58030253
19  44 0.58222371
19  45 0.58424281
19  46 0.58658324
19  47 0.58868162
19  48 0.59048388
19  49 0.59228259
19  50 0.59489302
19  51 0.59693157
19  52 0.59936500
19  53 0.60185264
19  54 0.60409021
19  55 0.60653868
19  56 0.60826115
19  57 0.61084603
19  58 0.61462883
19  59 0.61853077
19  60 0.62108019
19  61 0.62349966
19  62 0.62657789
19  63 0.62855824
19  64 0.63266159
19  65 0.63716649
19  66 0.63942164
19  67 0.64179631
19  68 0.64462571
19  69 0.64746428
19  70 0.65310434
19  71 0.65711011
19  72 0.65922758
19  73 0.66149704
19  74 0.66571626
19  75 0.66823834
19  76 0.67174953
19  77 0.67465716
19  78 0.67946591
19  79 0.68260575
19  80 0.68624775
19  81 0.69199849
19  82 0.69681497
19  83 0.70230167
19  84 0.70735315
19  85 0.70950086
19  86 0.71606730
19  87 0.72090202
19  88 0.72625869
19  89 0.73431024
19  90 0.74187086
19  91 0.74776504
19  92 0.75622473
19  93 0.76688330
19  94 0.77503188
19  95 0.78879087
19  96 0.79993569
19  97 0.81330187
19  98 0.83039116
19  99 0.84713189
19 100 0.88248463
19 101 1.00000000
20   1 0.00000000
20   2 0.37595363
20   3 0.40537795
20   4 0.42109639
20   5 0.43232496
20   6 0.44259904
20   7 0.45012285
20   8 0.45771546
20   9 0.46331064
20  10 0.46799303
20  11 0.47264935
20  12 0.47699691
20  13 0.48180332
20  14 0.48516410
20  15 0.48884145
20  16 0.49203828
20  17 0.49481144
20  18 0.49801861
20  19 0.50082383
20  20 0.50453219
20  21 0.50791678
20  22 0.51052184
20  23 0.51374032
20  24 0.51578367
20  25 0.51811286
20  26 0.52075163
20  27 0.52334500
20  28 0.52575020
20  29 0.52861125
20  30 0.53062674
20  31 0.53306614
20  32 0.53530992
20  33 0.53792759
20  34 0.54001675
20  35 0.54205626
20  36 0.54431099
20  37 0.54616920
20  38 0.54821962
20  39 0.55006863
20  40 0.55168280
20  41 0.55358947
20  42 0.55552747
20  43 0.55796792
20  44 0.56034805
20  45 0.56250272
20  46 0.56481595
20  47 0.56663675
20  48 0.56912248
20  49 0.57125945
20  50 0.57343679
20  51 0.57516911
20  52 0.57718079
20  53 0.57875124
20  54 0.58106993
20  55 0.58325495
20  56 0.58584451
20  57 0.58795229
20  58 0.58996831
20  59 0.59252281
20  60 0.59497446
20  61 0.59726376
20  62 0.59943970
20  63 0.60172939
20  64 0.60447823
20  65 0.60715484
20  66 0.61008621
20  67 0.61213594
20  68 0.61460183
20  69 0.61757316
20  70 0.62033110
20  71 0.62380766
20  72 0.62622415
20  73 0.62933470
20  74 0.63262368
20  75 0.63583517
20  76 0.63830671
20  77 0.64199629
20  78 0.64521206
20  79 0.64919672
20  80 0.65253512
20  81 0.65525341
20  82 0.66023770
20  83 0.66451094
20  84 0.66793492
20  85 0.67219404
20  86 0.67587976
20  87 0.68041420
20  88 0.68427074
20  89 0.68875688
20  90 0.69415798
20  91 0.70012991
20  92 0.70739571
20  93 0.71437498
20  94 0.72213157
20  95 0.73081203
20  96 0.74215495
20  97 0.75588109
20  98 0.77285609
20  99 0.78953918
20 100 0.81370505
20 101 1.00000000
21   1 0.00000000
21   2 0.40454661
21   3 0.44280696
21   4 0.46588400
21   5 0.47836007
21   6 0.48855800
21   7 0.50024175
21   8 0.51013592
21   9 0.51693109
21  10 0.52313313
21  11 0.53009963
21  12 0.53472236
21  13 0.53968443
21  14 0.54571083
21  15 0.55005539
21  16 0.55372149
21  17 0.55810424
21  18 0.56185414
21  19 0.56631473
21  20 0.57025040
21  21 0.57335510
21  22 0.57687999
21  23 0.58048905
21  24 0.58330402
21  25 0.58630624
21  26 0.58902494
21  27 0.59268641
21  28 0.59550269
21  29 0.59843412
21  30 0.60095984
21  31 0.60399130
21  32 0.60628648
21  33 0.60921124
21  34 0.61185342
21  35 0.61427652
21  36 0.61746355
21  37 0.61992304
21  38 0.62285313
21  39 0.62494048
21  40 0.62772457
21  41 0.63020605
21  42 0.63271206
21  43 0.63489973
21  44 0.63727904
21  45 0.63975644
21  46 0.64244354
21  47 0.64439513
21  48 0.64651782
21  49 0.64875296
21  50 0.65108905
21  51 0.65289114
21  52 0.65495815
21  53 0.65758636
21  54 0.65931089
21  55 0.66132653
21  56 0.66348017
21  57 0.66625714
21  58 0.66881707
21  59 0.67030665
21  60 0.67246353
21  61 0.67506230
21  62 0.67714856
21  63 0.67973133
21  64 0.68234127
21  65 0.68491880
21  66 0.68711347
21  67 0.68995323
21  68 0.69260260
21  69 0.69508118
21  70 0.69753131
21  71 0.69987087
21  72 0.70201917
21  73 0.70457283
21  74 0.70738519
21  75 0.71067922
21  76 0.71349048
21  77 0.71662981
21  78 0.71928393
21  79 0.72229700
21  80 0.72585779
21  81 0.72855924
21  82 0.73185226
21  83 0.73598330
21  84 0.73906845
21  85 0.74248951
21  86 0.74630272
21  87 0.75125966
21  88 0.75526155
21  89 0.76150755
21  90 0.76686227
21  91 0.77187421
21  92 0.77851136
21  93 0.78410688
21  94 0.79170987
21  95 0.79896248
21  96 0.80780722
21  97 0.81884480
21  98 0.83544550
21  99 0.85511113
21 100 0.89244719
21 101 1.00000000
22   1 0.00000000
22   2 0.30718347
22   3 0.35679199
22   4 0.38660019
22   5 0.40180505
22   6 0.42008372
22   7 0.43687894
22   8 0.45083914
22   9 0.45973537
22  10 0.47021950
22  11 0.47901528
22  12 0.48604692
22  13 0.49097922
22  14 0.49509417
22  15 0.50143163
22  16 0.50795688
22  17 0.51417073
22  18 0.51904697
22  19 0.52371025
22  20 0.52792799
22  21 0.53225906
22  22 0.53602185
22  23 0.53948905
22  24 0.54286638
22  25 0.54699446
22  26 0.54907224
22  27 0.55312426
22  28 0.55545830
22  29 0.55865205
22  30 0.56138848
22  31 0.56470006
22  32 0.56764483
22  33 0.57046800
22  34 0.57461968
22  35 0.57742703
22  36 0.58034933
22  37 0.58270403
22  38 0.58619234
22  39 0.58888323
22  40 0.59116277
22  41 0.59333858
22  42 0.59593223
22  43 0.59807997
22  44 0.60009298
22  45 0.60291472
22  46 0.60586295
22  47 0.60765551
22  48 0.61064134
22  49 0.61325501
22  50 0.61571380
22  51 0.61714745
22  52 0.61923333
22  53 0.62244640
22  54 0.62483573
22  55 0.62727338
22  56 0.62980947
22  57 0.63235302
22  58 0.63477033
22  59 0.63703593
22  60 0.63956526
22  61 0.64223343
22  62 0.64471200
22  63 0.64747399
22  64 0.65065455
22  65 0.65289933
22  66 0.65599360
22  67 0.65845818
22  68 0.66069930
22  69 0.66405643
22  70 0.66629173
22  71 0.66859103
22  72 0.67154071
22  73 0.67434726
22  74 0.67676688
22  75 0.67903676
22  76 0.68220159
22  77 0.68555533
22  78 0.68847475
22  79 0.69109682
22  80 0.69437468
22  81 0.69747116
22  82 0.70203716
22  83 0.70524886
22  84 0.70875249
22  85 0.71376197
22  86 0.71779803
22  87 0.72197900
22  88 0.72689973
22  89 0.73156808
22  90 0.73718312
22  91 0.74318991
22  92 0.74846968
22  93 0.75490755
22  94 0.76221422
22  95 0.77432481
22  96 0.78638932
22  97 0.79740389
22  98 0.80784299
22  99 0.82547798
22 100 0.85160497
22 101 1.00000000
23   1 0.00000000
23   2 0.35295252
23   3 0.39565683
23   4 0.42719964
23   5 0.44619022
23   6 0.46077484
23   7 0.47162963
23   8 0.48229154
23   9 0.49240996
23  10 0.49990588
23  11 0.50685212
23  12 0.51414410
23  13 0.52161819
23  14 0.52708199
23  15 0.53182769
23  16 0.53681996
23  17 0.54149928
23  18 0.54630723
23  19 0.55044650
23  20 0.55430733
23  21 0.55820692
23  22 0.56265351
23  23 0.56639981
23  24 0.56989070
23  25 0.57293863
23  26 0.57648128
23  27 0.57987117
23  28 0.58314260
23  29 0.58614265
23  30 0.58908284
23  31 0.59251565
23  32 0.59513111
23  33 0.59811845
23  34 0.60119542
23  35 0.60329654
23  36 0.60554552
23  37 0.60821633
23  38 0.61152110
23  39 0.61444320
23  40 0.61675161
23  41 0.61908677
23  42 0.62119080
23  43 0.62417100
23  44 0.62684590
23  45 0.62987901
23  46 0.63174227
23  47 0.63407494
23  48 0.63642587
23  49 0.63927200
23  50 0.64158780
23  51 0.64381284
23  52 0.64578326
23  53 0.64818934
23  54 0.65025886
23  55 0.65258943
23  56 0.65492830
23  57 0.65729804
23  58 0.65941720
23  59 0.66195696
23  60 0.66407689
23  61 0.66697155
23  62 0.66944455
23  63 0.67197858
23  64 0.67418638
23  65 0.67666853
23  66 0.67876040
23  67 0.68101850
23  68 0.68349033
23  69 0.68643877
23  70 0.68861459
23  71 0.69098726
23  72 0.69357609
23  73 0.69609049
23  74 0.69809934
23  75 0.70062023
23  76 0.70316752
23  77 0.70613647
23  78 0.70857479
23  79 0.71205148
23  80 0.71531843
23  81 0.71813235
23  82 0.72104734
23  83 0.72399923
23  84 0.72797519
23  85 0.73174029
23  86 0.73568967
23  87 0.73928865
23  88 0.74338480
23  89 0.74840763
23  90 0.75273352
23  91 0.75757987
23  92 0.76335702
23  93 0.76988781
23  94 0.77585074
23  95 0.78289131
23  96 0.79112461
23  97 0.79983633
23  98 0.81071719
23  99 0.82647489
23 100 0.85372200
23 101 1.00000000
24   1 0.00000000
24   2 0.38787333
24   3 0.42677781
24   4 0.45820452
24   5 0.46837851
24   6 0.48103017
24   7 0.48714328
24   8 0.49247774
24   9 0.49844032
24  10 0.50406603
24  11 0.50964259
24  12 0.51615940
24  13 0.51926349
24  14 0.52281649
24  15 0.52851823
24  16 0.53312798
24  17 0.53548162
24  18 0.53807700
24  19 0.54097349
24  20 0.54304996
24  21 0.54461315
24  22 0.54857385
24  23 0.55100682
24  24 0.55436805
24  25 0.55754577
24  26 0.56125456
24  27 0.56328772
24  28 0.56499044
24  29 0.56727927
24  30 0.57030822
24  31 0.57345835
24  32 0.57575200
24  33 0.57958513
24  34 0.58262216
24  35 0.58509700
24  36 0.58631845
24  37 0.58819759
24  38 0.59022526
24  39 0.59322107
24  40 0.59493676
24  41 0.59775589
24  42 0.59900882
24  43 0.60214927
24  44 0.60381441
24  45 0.60535425
24  46 0.60677783
24  47 0.60980918
24  48 0.61143558
24  49 0.61420037
24  50 0.61810203
24  51 0.62036174
24  52 0.62343225
24  53 0.62563983
24  54 0.62737163
24  55 0.63090110
24  56 0.63442363
24  57 0.63658863
24  58 0.63773728
24  59 0.63942696
24  60 0.64302262
24  61 0.64469484
24  62 0.64723483
24  63 0.64913558
24  64 0.65248154
24  65 0.65501817
24  66 0.65874701
24  67 0.66123119
24  68 0.66282474
24  69 0.66740289
24  70 0.66912584
24  71 0.67329795
24  72 0.67631441
24  73 0.67894596
24  74 0.68205508
24  75 0.68532711
24  76 0.68902965
24  77 0.69546687
24  78 0.69926444
24  79 0.70172377
24  80 0.70668216
24  81 0.71037169
24  82 0.71467806
24  83 0.71638673
24  84 0.72127949
24  85 0.72529831
24  86 0.73048557
24  87 0.73560930
24  88 0.74336583
24  89 0.75337156
24  90 0.75835206
24  91 0.76376080
24  92 0.76896098
24  93 0.77508937
24  94 0.78359811
24  95 0.79244216
24  96 0.79773005
24  97 0.80664181
24  98 0.82246495
24  99 0.85735568
24 100 0.88644677
24 101 1.00000000
25   1 0.00000000
25   2 0.43259083
25   3 0.46683625
25   4 0.48752436
25   5 0.50347744
25   6 0.51366993
25   7 0.52106057
25   8 0.52888429
25   9 0.53555073
25  10 0.54124083
25  11 0.54634444
25  12 0.55130374
25  13 0.55626885
25  14 0.56188479
25  15 0.56526785
25  16 0.56811828
25  17 0.57187970
25  18 0.57596763
25  19 0.57871830
25  20 0.58199678
25  21 0.58497360
25  22 0.58875288
25  23 0.59152799
25  24 0.59470997
25  25 0.59749794
25  26 0.59993329
25  27 0.60235023
25  28 0.60482591
25  29 0.60696468
25  30 0.60921391
25  31 0.61142211
25  32 0.61407563
25  33 0.61617454
25  34 0.61818714
25  35 0.62023416
25  36 0.62227536
25  37 0.62487708
25  38 0.62696293
25  39 0.62932220
25  40 0.63174285
25  41 0.63397376
25  42 0.63585942
25  43 0.63824590
25  44 0.64000898
25  45 0.64186081
25  46 0.64387023
25  47 0.64603120
25  48 0.64837541
25  49 0.65011328
25  50 0.65196292
25  51 0.65383361
25  52 0.65610246
25  53 0.65769842
25  54 0.65960987
25  55 0.66196062
25  56 0.66339624
25  57 0.66510034
25  58 0.66786075
25  59 0.66967798
25  60 0.67158179
25  61 0.67345469
25  62 0.67571835
25  63 0.67766026
25  64 0.67967804
25  65 0.68184282
25  66 0.68421152
25  67 0.68723727
25  68 0.68984670
25  69 0.69251302
25  70 0.69489527
25  71 0.69746987
25  72 0.69963054
25  73 0.70189886
25  74 0.70472450
25  75 0.70742694
25  76 0.71019101
25  77 0.71309015
25  78 0.71589425
25  79 0.71833895
25  80 0.72163342
25  81 0.72406096
25  82 0.72649059
25  83 0.72944697
25  84 0.73293265
25  85 0.73636455
25  86 0.74015271
25  87 0.74391350
25  88 0.74907370
25  89 0.75331974
25  90 0.75842989
25  91 0.76324491
25  92 0.76843319
25  93 0.77473809
25  94 0.78299297
25  95 0.78927105
25  96 0.79702890
25  97 0.80808441
25  98 0.82296621
25  99 0.83729839
25 100 0.86479108
25 101 1.00000000
26   1 0.00000000
26   2 0.32193934
26   3 0.35898671
26   4 0.38122444
26   5 0.40610758
26   6 0.42254461
26   7 0.43742605
26   8 0.44722032
26   9 0.45831186
26  10 0.46950887
26  11 0.47708183
26  12 0.48627123
26  13 0.49326129
26  14 0.49972740
26  15 0.50845802
26  16 0.51526453
26  17 0.52072929
26  18 0.52675419
26  19 0.53287732
26  20 0.53673010
26  21 0.54031547
26  22 0.54453898
26  23 0.54826005
26  24 0.55186507
26  25 0.55554615
26  26 0.56069747
26  27 0.56358710
26  28 0.56716635
26  29 0.57031974
26  30 0.57477112
26  31 0.57805184
26  32 0.58205831
26  33 0.58518845
26  34 0.58885908
26  35 0.59141116
26  36 0.59428883
26  37 0.59689660
26  38 0.60034068
26  39 0.60299897
26  40 0.60539104
26  41 0.60769390
26  42 0.61025135
26  43 0.61223061
26  44 0.61478546
26  45 0.61776150
26  46 0.62036434
26  47 0.62262908
26  48 0.62469107
26  49 0.62702995
26  50 0.63013322
26  51 0.63323755
26  52 0.63580931
26  53 0.63849162
26  54 0.64158093
26  55 0.64413864
26  56 0.64688760
26  57 0.64978812
26  58 0.65238624
26  59 0.65547710
26  60 0.65831680
26  61 0.66062650
26  62 0.66302266
26  63 0.66535539
26  64 0.66751326
26  65 0.66948499
26  66 0.67137220
26  67 0.67359105
26  68 0.67541585
26  69 0.67812020
26  70 0.68069126
26  71 0.68298411
26  72 0.68538114
26  73 0.68771922
26  74 0.69060298
26  75 0.69261035
26  76 0.69527650
26  77 0.69835641
26  78 0.70072651
26  79 0.70384674
26  80 0.70802787
26  81 0.71157133
26  82 0.71495198
26  83 0.71868900
26  84 0.72201571
26  85 0.72505428
26  86 0.73035038
26  87 0.73499263
26  88 0.73802957
26  89 0.74326036
26  90 0.74876099
26  91 0.75302184
26  92 0.75932870
26  93 0.76639293
26  94 0.77331624
26  95 0.77951783
26  96 0.78562506
26  97 0.79061254
26  98 0.80010102
26  99 0.82151142
26 100 0.84900384
26 101 1.00000000
27   1 0.00000000
27   2 0.35063756
27   3 0.39963966
27   4 0.42791900
27   5 0.44514374
27   6 0.45954305
27   7 0.47102409
27   8 0.47875114
27   9 0.48938114
27  10 0.49712109
27  11 0.50374525
27  12 0.50973269
27  13 0.51535252
27  14 0.52122411
27  15 0.52621461
27  16 0.53081087
27  17 0.53571442
27  18 0.54034502
27  19 0.54437096
27  20 0.54789182
27  21 0.55165153
27  22 0.55493612
27  23 0.55820591
27  24 0.56121000
27  25 0.56426581
27  26 0.56730608
27  27 0.56996090
27  28 0.57254540
27  29 0.57551234
27  30 0.57874331
27  31 0.58141243
27  32 0.58436307
27  33 0.58699765
27  34 0.58951808
27  35 0.59241432
27  36 0.59475963
27  37 0.59722875
27  38 0.59989623
27  39 0.60267733
27  40 0.60533712
27  41 0.60752010
27  42 0.60997954
27  43 0.61270321
27  44 0.61573489
27  45 0.61860603
27  46 0.62070084
27  47 0.62322762
27  48 0.62549677
27  49 0.62820629
27  50 0.63090413
27  51 0.63338491
27  52 0.63585812
27  53 0.63782118
27  54 0.64018419
27  55 0.64203873
27  56 0.64407598
27  57 0.64677302
27  58 0.64894039
27  59 0.65161178
27  60 0.65392071
27  61 0.65604068
27  62 0.65805674
27  63 0.66041549
27  64 0.66283515
27  65 0.66510613
27  66 0.66751236
27  67 0.67030723
27  68 0.67279117
27  69 0.67620455
27  70 0.67894146
27  71 0.68153788
27  72 0.68470872
27  73 0.68755951
27  74 0.69020425
27  75 0.69301780
27  76 0.69557529
27  77 0.69861156
27  78 0.70188929
27  79 0.70517835
27  80 0.70852755
27  81 0.71214250
27  82 0.71539243
27  83 0.71902478
27  84 0.72293987
27  85 0.72777938
27  86 0.73319317
27  87 0.73749662
27  88 0.74153763
27  89 0.74584485
27  90 0.74908297
27  91 0.75433843
27  92 0.75983888
27  93 0.76447611
27  94 0.77159202
27  95 0.78105259
27  96 0.79037324
27  97 0.80383197
27  98 0.81734260
27  99 0.83578778
27 100 0.86806385
27 101 1.00000000
28   1 0.00000000
28   2 0.39306327
28   3 0.42847338
28   4 0.45239690
28   5 0.46538557
28   6 0.47700907
28   7 0.48869806
28   8 0.49717091
28   9 0.50437604
28  10 0.51029456
28  11 0.51589228
28  12 0.52099401
28  13 0.52585689
28  14 0.52992012
28  15 0.53451764
28  16 0.53838382
28  17 0.54134214
28  18 0.54545544
28  19 0.54902017
28  20 0.55372992
28  21 0.55705454
28  22 0.56144462
28  23 0.56612522
28  24 0.56883986
28  25 0.57194191
28  26 0.57502397
28  27 0.57776042
28  28 0.58060168
28  29 0.58353668
28  30 0.58628921
28  31 0.58972454
28  32 0.59205460
28  33 0.59473433
28  34 0.59773328
28  35 0.59956448
28  36 0.60147513
28  37 0.60321745
28  38 0.60656341
28  39 0.60896769
28  40 0.61115182
28  41 0.61336728
28  42 0.61502121
28  43 0.61739578
28  44 0.61937073
28  45 0.62226199
28  46 0.62542253
28  47 0.62753891
28  48 0.62997208
28  49 0.63212508
28  50 0.63440515
28  51 0.63713354
28  52 0.64020536
28  53 0.64248810
28  54 0.64418234
28  55 0.64702421
28  56 0.64924028
28  57 0.65154871
28  58 0.65385544
28  59 0.65677933
28  60 0.65965021
28  61 0.66235823
28  62 0.66607415
28  63 0.66810882
28  64 0.67093313
28  65 0.67349249
28  66 0.67631881
28  67 0.68027151
28  68 0.68330603
28  69 0.68555155
28  70 0.68822032
28  71 0.69135633
28  72 0.69538703
28  73 0.69971832
28  74 0.70295542
28  75 0.70644349
28  76 0.71006005
28  77 0.71284430
28  78 0.71568702
28  79 0.71798810
28  80 0.72211270
28  81 0.72557158
28  82 0.72994161
28  83 0.73360230
28  84 0.73781402
28  85 0.74081137
28  86 0.74439843
28  87 0.74907713
28  88 0.75337745
28  89 0.75783669
28  90 0.76198470
28  91 0.76838224
28  92 0.77527812
28  93 0.78286693
28  94 0.79005618
28  95 0.80222079
28  96 0.81093896
28  97 0.82351353
28  98 0.84162682
28  99 0.87134488
28 100 0.90603333
28 101 1.00000000
29   1 0.00000000
29   2 0.29685533
29   3 0.32271987
29   4 0.34451559
29   5 0.35816427
29   6 0.36961388
29   7 0.38149875
29   8 0.38881926
29   9 0.39515011
29  10 0.40070184
29  11 0.41043228
29  12 0.41969218
29  13 0.42571997
29  14 0.43249015
29  15 0.44133506
29  16 0.45338504
29  17 0.46118192
29  18 0.46694126
29  19 0.47291711
29  20 0.47935092
29  21 0.48350859
29  22 0.48771632
29  23 0.49270819
29  24 0.49756765
29  25 0.50231512
29  26 0.50767850
29  27 0.51017154
29  28 0.51426245
29  29 0.51736987
29  30 0.51953558
29  31 0.52385207
29  32 0.52823198
29  33 0.53117981
29  34 0.53627823
29  35 0.54304313
29  36 0.54637276
29  37 0.55088915
29  38 0.55414719
29  39 0.55650578
29  40 0.55956679
29  41 0.56533584
29  42 0.56817550
29  43 0.57140586
29  44 0.57466903
29  45 0.58067189
29  46 0.58493547
29  47 0.59119955
29  48 0.59408495
29  49 0.59745597
29  50 0.60088949
29  51 0.60288034
29  52 0.60617675
29  53 0.60909228
29  54 0.61241548
29  55 0.61491293
29  56 0.61606049
29  57 0.61883290
29  58 0.62220762
29  59 0.62649192
29  60 0.63041945
29  61 0.63368612
29  62 0.63645837
29  63 0.63867980
29  64 0.64165291
29  65 0.64631185
29  66 0.65350846
29  67 0.65644595
29  68 0.65850041
29  69 0.66315497
29  70 0.66713949
29  71 0.67063187
29  72 0.67486999
29  73 0.67793923
29  74 0.68459659
29  75 0.68786950
29  76 0.69209247
29  77 0.69458273
29  78 0.69780627
29  79 0.70165911
29  80 0.70530805
29  81 0.71171432
29  82 0.71574693
29  83 0.72053314
29  84 0.72567683
29  85 0.73253508
29  86 0.73797228
29  87 0.74575846
29  88 0.75092415
29  89 0.75400670
29  90 0.75810973
29  91 0.76612968
29  92 0.77663302
29  93 0.78441659
29  94 0.80258075
29  95 0.81891898
29  96 0.82968061
29  97 0.84226127
29  98 0.87231479
29  99 0.89041370
29 100 0.92012433
29 101 1.00000000
30   1 0.00000000
30   2 0.27293115
30   3 0.30861439
30   4 0.32545364
30   5 0.33811107
30   6 0.35370944
30   7 0.36132203
30   8 0.36894719
30   9 0.37705079
30  10 0.38754944
30  11 0.40094452
30  12 0.41191116
30  13 0.42133346
30  14 0.42735187
30  15 0.43356707
30  16 0.44045742
30  17 0.44745029
30  18 0.45329273
30  19 0.45907130
30  20 0.46289194
30  21 0.47148113
30  22 0.47646435
30  23 0.48062527
30  24 0.48514864
30  25 0.48876520
30  26 0.49429137
30  27 0.49801244
30  28 0.50265922
30  29 0.50599598
30  30 0.51056955
30  31 0.51496563
30  32 0.51869447
30  33 0.52150809
30  34 0.52437186
30  35 0.52760294
30  36 0.53043495
30  37 0.53443472
30  38 0.53682764
30  39 0.53970908
30  40 0.54187723
30  41 0.54441161
30  42 0.54797811
30  43 0.55089229
30  44 0.55416957
30  45 0.55711045
30  46 0.55984568
30  47 0.56333927
30  48 0.56605436
30  49 0.56796169
30  50 0.57007819
30  51 0.57260909
30  52 0.57644846
30  53 0.58131626
30  54 0.58611902
30  55 0.58992700
30  56 0.59201786
30  57 0.59394732
30  58 0.59660832
30  59 0.60025565
30  60 0.60358502
30  61 0.60692428
30  62 0.61015937
30  63 0.61366913
30  64 0.61813959
30  65 0.62084618
30  66 0.62404121
30  67 0.62583645
30  68 0.62814233
30  69 0.63137962
30  70 0.63559787
30  71 0.64177238
30  72 0.64694841
30  73 0.65099365
30  74 0.65415790
30  75 0.65965623
30  76 0.66319476
30  77 0.66934811
30  78 0.67388994
30  79 0.67830920
30  80 0.68250726
30  81 0.68663837
30  82 0.68998909
30  83 0.69761544
30  84 0.70366461
30  85 0.70746681
30  86 0.71246760
30  87 0.71715739
30  88 0.72520161
30  89 0.73215053
30  90 0.73679708
30  91 0.74558017
30  92 0.75525259
30  93 0.76026951
30  94 0.77359082
30  95 0.78797848
30  96 0.79622088
30  97 0.81904700
30  98 0.83514196
30  99 0.86521033
30 100 0.88900634
30 101 1.00000000
31   1 0.00000000
31   2 0.30966217
31   3 0.34276600
31   4 0.36241881
31   5 0.37965389
31   6 0.39017321
31   7 0.40497726
31   8 0.41994763
31   9 0.43259389
31  10 0.44499428
31  11 0.45599657
31  12 0.46312598
31  13 0.46990526
31  14 0.47882417
31  15 0.48476054
31  16 0.49166381
31  17 0.49635746
31  18 0.50394407
31  19 0.51111429
31  20 0.51542965
31  21 0.51991492
31  22 0.52728125
31  23 0.53169014
31  24 0.53827179
31  25 0.54360281
31  26 0.54685895
31  27 0.55232073
31  28 0.55618573
31  29 0.56136565
31  30 0.56531030
31  31 0.56801914
31  32 0.57133216
31  33 0.57551949
31  34 0.57939034
31  35 0.58266187
31  36 0.58603734
31  37 0.58985818
31  38 0.59299417
31  39 0.59742577
31  40 0.60145793
31  41 0.60423926
31  42 0.60698678
31  43 0.61149220
31  44 0.61489649
31  45 0.61873204
31  46 0.62132313
31  47 0.62406375
31  48 0.62889369
31  49 0.63244104
31  50 0.63658694
31  51 0.63981155
31  52 0.64266132
31  53 0.64579400
31  54 0.64867341
31  55 0.65123701
31  56 0.65317869
31  57 0.65493281
31  58 0.65763995
31  59 0.65994745
31  60 0.66241953
31  61 0.66667861
31  62 0.66958050
31  63 0.67205643
31  64 0.67534345
31  65 0.67799329
31  66 0.68131536
31  67 0.68499322
31  68 0.68872008
31  69 0.69118323
31  70 0.69472616
31  71 0.69895159
31  72 0.70218407
31  73 0.70569315
31  74 0.71022812
31  75 0.71360591
31  76 0.71812338
31  77 0.72133570
31  78 0.72458760
31  79 0.72716685
31  80 0.73104500
31  81 0.73421570
31  82 0.73833287
31  83 0.74273165
31  84 0.74622394
31  85 0.75168319
31  86 0.75665946
31  87 0.76474552
31  88 0.76916231
31  89 0.77490754
31  90 0.77917283
31  91 0.78233253
31  92 0.79239548
31  93 0.79869223
31  94 0.80716731
31  95 0.81849654
31  96 0.82783604
31  97 0.84101174
31  98 0.85728283
31  99 0.86838257
31 100 0.88811241
31 101 1.00000000
32   1 0.00000000
32   2 0.29536113
32   3 0.33934951
32   4 0.35697098
32   5 0.36950280
32   6 0.38675784
32   7 0.39788406
32   8 0.40749615
32   9 0.41675489
32  10 0.42653333
32  11 0.43857960
32  12 0.45147623
32  13 0.45854336
32  14 0.46535021
32  15 0.47443863
32  16 0.48005500
32  17 0.48526351
32  18 0.48997630
32  19 0.49576370
32  20 0.50156191
32  21 0.50732862
32  22 0.51182522
32  23 0.51855825
32  24 0.52466864
32  25 0.53230916
32  26 0.53693996
32  27 0.54409612
32  28 0.54904359
32  29 0.55513710
32  30 0.56085102
32  31 0.56652357
32  32 0.57089605
32  33 0.57410561
32  34 0.57818730
32  35 0.58428419
32  36 0.58722051
32  37 0.59041069
32  38 0.59370574
32  39 0.59728011
32  40 0.60032206
32  41 0.60374892
32  42 0.60620303
32  43 0.61093734
32  44 0.61443474
32  45 0.61755588
32  46 0.62110620
32  47 0.62468500
32  48 0.62817705
32  49 0.63301011
32  50 0.63579740
32  51 0.64064102
32  52 0.64518887
32  53 0.64860165
32  54 0.65182445
32  55 0.65566035
32  56 0.66045447
32  57 0.66313433
32  58 0.66577315
32  59 0.66922916
32  60 0.67279395
32  61 0.67653014
32  62 0.68040824
32  63 0.68271581
32  64 0.68692026
32  65 0.69066539
32  66 0.69333020
32  67 0.69758829
32  68 0.69994862
32  69 0.70316534
32  70 0.70874083
32  71 0.71334491
32  72 0.71802988
32  73 0.72082812
32  74 0.72379468
32  75 0.72896919
32  76 0.73450202
32  77 0.73813418
32  78 0.74083437
32  79 0.74549085
32  80 0.74957558
32  81 0.75409012
32  82 0.75857265
32  83 0.76476898
32  84 0.76911201
32  85 0.77423452
32  86 0.78044644
32  87 0.78451546
32  88 0.79189014
32  89 0.79808832
32  90 0.80509052
32  91 0.80984263
32  92 0.81640540
32  93 0.82283078
32  94 0.82840351
32  95 0.83569679
32  96 0.84886848
32  97 0.86443156
32  98 0.87793056
32  99 0.89936003
32 100 0.91957453
32 101 1.00000000
33   1 0.00000000
33   2 0.18402377
33   3 0.32418866
33   4 0.32964412
33   5 0.33741474
33   6 0.34758320
33   7 0.35158719
33   8 0.35338958
33   9 0.35593216
33  10 0.35811597
33  11 0.35904078
33  12 0.36037545
33  13 0.36216551
33  14 0.36420655
33  15 0.36634553
33  16 0.36766894
33  17 0.36942055
33  18 0.37288910
33  19 0.37782629
33  20 0.38451454
33  21 0.38781945
33  22 0.38968643
33  23 0.39754376
33  24 0.40591077
33  25 0.41501747
33  26 0.42245305
33  27 0.42774959
33  28 0.43049008
33  29 0.43205086
33  30 0.43955913
33  31 0.44739884
33  32 0.45468667
33  33 0.46090639
33  34 0.46565746
33  35 0.47327625
33  36 0.48232889
33  37 0.48404810
33  38 0.48495568
33  39 0.48529535
33  40 0.48611395
33  41 0.48764053
33  42 0.49635495
33  43 0.50895471
33  44 0.51054080
33  45 0.51079803
33  46 0.51085227
33  47 0.51321294
33  48 0.51924293
33  49 0.52690433
33  50 0.53551739
33  51 0.54430187
33  52 0.55218491
33  53 0.55345776
33  54 0.55567931
33  55 0.55952719
33  56 0.56105949
33  57 0.56113628
33  58 0.56390917
33  59 0.56705094
33  60 0.56958669
33  61 0.57161262
33  62 0.57269539
33  63 0.57645520
33  64 0.58202595
33  65 0.58468058
33  66 0.58684391
33  67 0.58958406
33  68 0.59350199
33  69 0.59977550
33  70 0.60478330
33  71 0.60887057
33  72 0.61346681
33  73 0.61791747
33  74 0.61900443
33  75 0.62015822
33  76 0.62145680
33  77 0.62704687
33  78 0.63598967
33  79 0.63940111
33  80 0.64142896
33  81 0.64236119
33  82 0.64414308
33  83 0.64792417
33  84 0.64991007
33  85 0.65039031
33  86 0.66022710
33  87 0.67271134
33  88 0.68938630
33  89 0.70456872
33  90 0.71592654
33  91 0.72318373
33  92 0.72675036
33  93 0.72961511
33  94 0.73237864
33  95 0.74108603
33  96 0.74824967
33  97 0.75109083
33  98 0.79236775
33  99 0.87075505
33 100 0.93730460
33 101 1.00000000
34   1 0.00000000
34   2 0.35861676
34   3 0.38284343
34   4 0.40793184
34   5 0.41845570
34   6 0.42778983
34   7 0.43224695
34   8 0.43920766
34   9 0.44457222
34  10 0.45069172
34  11 0.45447693
34  12 0.45852146
34  13 0.46273531
34  14 0.46678003
34  15 0.47027662
34  16 0.47419750
34  17 0.47743956
34  18 0.47992235
34  19 0.48365823
34  20 0.48633045
34  21 0.48868594
34  22 0.49143957
34  23 0.49361057
34  24 0.49575957
34  25 0.49818407
34  26 0.50084839
34  27 0.50339490
34  28 0.50606713
34  29 0.50851761
34  30 0.51108581
34  31 0.51331071
34  32 0.51536994
34  33 0.51719769
34  34 0.51896905
34  35 0.52072491
34  36 0.52266935
34  37 0.52475311
34  38 0.52742702
34  39 0.52931948
34  40 0.53091616
34  41 0.53270107
34  42 0.53478120
34  43 0.53678097
34  44 0.53866511
34  45 0.54032777
34  46 0.54245463
34  47 0.54451988
34  48 0.54651491
34  49 0.54864986
34  50 0.55035258
34  51 0.55290891
34  52 0.55420421
34  53 0.55596717
34  54 0.55816534
34  55 0.55976187
34  56 0.56166734
34  57 0.56377552
34  58 0.56515955
34  59 0.56724002
34  60 0.57061393
34  61 0.57261721
34  62 0.57396774
34  63 0.57624652
34  64 0.57846845
34  65 0.58031649
34  66 0.58259547
34  67 0.58445021
34  68 0.58562227
34  69 0.58724010
34  70 0.58900718
34  71 0.59073317
34  72 0.59276767
34  73 0.59599354
34  74 0.59888051
34  75 0.60028927
34  76 0.60319791
34  77 0.60517348
34  78 0.60794981
34  79 0.60999439
34  80 0.61186777
34  81 0.61445388
34  82 0.61766959
34  83 0.62091013
34  84 0.62586372
34  85 0.62784331
34  86 0.63253587
34  87 0.63704231
34  88 0.64104771
34  89 0.64668595
34  90 0.65237072
34  91 0.65641220
34  92 0.66377759
34  93 0.67094638
34  94 0.67591039
34  95 0.68481495
34  96 0.69287127
34  97 0.70460555
34  98 0.71600920
34  99 0.73392466
34 100 0.76125219
34 101 1.00000000
35   1 0.00000000
35   2 0.30929102
35   3 0.34279998
35   4 0.35866558
35   5 0.37047653
35   6 0.38264695
35   7 0.39235304
35   8 0.40065859
35   9 0.41007862
35  10 0.41738086
35  11 0.42515726
35  12 0.43256260
35  13 0.43986735
35  14 0.44966019
35  15 0.45686198
35  16 0.46429887
35  17 0.47084978
35  18 0.47659359
35  19 0.48224271
35  20 0.48637250
35  21 0.49297190
35  22 0.49717720
35  23 0.50233094
35  24 0.50637359
35  25 0.51002210
35  26 0.51415070
35  27 0.51729104
35  28 0.52258323
35  29 0.52585802
35  30 0.53360242
35  31 0.53787331
35  32 0.54263224
35  33 0.54685057
35  34 0.55099190
35  35 0.55593157
35  36 0.56102485
35  37 0.56652193
35  38 0.57199068
35  39 0.57634778
35  40 0.58045758
35  41 0.58386674
35  42 0.58710970
35  43 0.59147863
35  44 0.59456710
35  45 0.59820774
35  46 0.60217336
35  47 0.60623929
35  48 0.60949757
35  49 0.61230303
35  50 0.61530229
35  51 0.61741576
35  52 0.62021896
35  53 0.62298083
35  54 0.62623807
35  55 0.62996488
35  56 0.63349649
35  57 0.63752541
35  58 0.64043242
35  59 0.64262877
35  60 0.64736895
35  61 0.65326726
35  62 0.65596252
35  63 0.65951725
35  64 0.66477747
35  65 0.66823964
35  66 0.67541910
35  67 0.67972683
35  68 0.68291600
35  69 0.68740961
35  70 0.68987166
35  71 0.69193400
35  72 0.69542253
35  73 0.69960119
35  74 0.70382620
35  75 0.70687057
35  76 0.71059770
35  77 0.71410919
35  78 0.71750472
35  79 0.72239800
35  80 0.72941747
35  81 0.73805991
35  82 0.74234600
35  83 0.74658038
35  84 0.75374232
35  85 0.76003590
35  86 0.76264142
35  87 0.76985452
35  88 0.77546895
35  89 0.78054097
35  90 0.78725037
35  91 0.79375630
35  92 0.80313933
35  93 0.81540299
35  94 0.82468450
35  95 0.83353848
35  96 0.84187430
35  97 0.85030792
35  98 0.86188023
35  99 0.90111676
35 100 0.91156723
35 101 1.00000000
36   1 0.00000000
36   2 0.30163716
36   3 0.33852309
36   4 0.35701959
36   5 0.37225898
36   6 0.38246397
36   7 0.39097034
36   8 0.40078518
36   9 0.41393615
36  10 0.42674355
36  11 0.43600265
36  12 0.44425431
36  13 0.44965294
36  14 0.45450351
36  15 0.45989409
36  16 0.46511552
36  17 0.47104255
36  18 0.47618698
36  19 0.48102151
36  20 0.48494201
36  21 0.49050022
36  22 0.49662479
36  23 0.50106056
36  24 0.50553650
36  25 0.50997438
36  26 0.51573413
36  27 0.52039520
36  28 0.52551250
36  29 0.52939206
36  30 0.53323649
36  31 0.53613080
36  32 0.53950838
36  33 0.54309326
36  34 0.54716920
36  35 0.55148203
36  36 0.55516659
36  37 0.55927635
36  38 0.56182449
36  39 0.56484686
36  40 0.56762420
36  41 0.56986018
36  42 0.57296110
36  43 0.57549855
36  44 0.57889152
36  45 0.58283441
36  46 0.58561202
36  47 0.58920539
36  48 0.59248384
36  49 0.59641890
36  50 0.59935245
36  51 0.60201131
36  52 0.60615646
36  53 0.60996688
36  54 0.61319683
36  55 0.61677792
36  56 0.62073990
36  57 0.62415432
36  58 0.62807108
36  59 0.63078670
36  60 0.63357855
36  61 0.63646254
36  62 0.63957775
36  63 0.64252386
36  64 0.64607145
36  65 0.64954712
36  66 0.65211313
36  67 0.65491004
36  68 0.65719461
36  69 0.66062479
36  70 0.66339450
36  71 0.66568855
36  72 0.66918975
36  73 0.67350108
36  74 0.67690095
36  75 0.68239072
36  76 0.68708815
36  77 0.69104168
36  78 0.69482244
36  79 0.69832408
36  80 0.70289326
36  81 0.70654833
36  82 0.70992465
36  83 0.71431937
36  84 0.71752264
36  85 0.72123324
36  86 0.72501120
36  87 0.72930672
36  88 0.73349627
36  89 0.73975774
36  90 0.74633914
36  91 0.75365106
36  92 0.76103965
36  93 0.76619946
36  94 0.77242875
36  95 0.77988608
36  96 0.78841825
36  97 0.79927928
36  98 0.81643837
36  99 0.84093089
36 100 0.86583279
36 101 1.00000000
37   1 0.00000000
37   2 0.34301929
37   3 0.37641467
37   4 0.39597755
37   5 0.40963968
37   6 0.41977730
37   7 0.42965598
37   8 0.43692978
37   9 0.44284416
37  10 0.44804599
37  11 0.45233956
37  12 0.45664128
37  13 0.46080579
37  14 0.46440483
37  15 0.46827763
37  16 0.47167081
37  17 0.47475061
37  18 0.47772912
37  19 0.48063948
37  20 0.48323958
37  21 0.48650688
37  22 0.48937410
37  23 0.49195741
37  24 0.49394300
37  25 0.49640710
37  26 0.49860167
37  27 0.50196400
37  28 0.50414497
37  29 0.50634473
37  30 0.50928953
37  31 0.51126946
37  32 0.51342236
37  33 0.51567756
37  34 0.51751063
37  35 0.51964568
37  36 0.52151272
37  37 0.52340666
37  38 0.52528193
37  39 0.52698984
37  40 0.52853501
37  41 0.53057643
37  42 0.53237850
37  43 0.53415887
37  44 0.53621031
37  45 0.53861220
37  46 0.54035102
37  47 0.54213401
37  48 0.54405217
37  49 0.54585152
37  50 0.54768818
37  51 0.54940969
37  52 0.55092323
37  53 0.55292875
37  54 0.55498938
37  55 0.55689520
37  56 0.55887588
37  57 0.56100671
37  58 0.56277084
37  59 0.56436133
37  60 0.56622601
37  61 0.56788110
37  62 0.56983850
37  63 0.57127608
37  64 0.57345750
37  65 0.57523357
37  66 0.57733045
37  67 0.57926648
37  68 0.58137936
37  69 0.58339880
37  70 0.58546167
37  71 0.58731504
37  72 0.58958963
37  73 0.59197273
37  74 0.59439678
37  75 0.59677005
37  76 0.59906798
37  77 0.60173437
37  78 0.60432854
37  79 0.60732516
37  80 0.61020883
37  81 0.61260605
37  82 0.61528874
37  83 0.61903355
37  84 0.62246042
37  85 0.62642055
37  86 0.62990683
37  87 0.63375623
37  88 0.63785553
37  89 0.64126802
37  90 0.64508651
37  91 0.64942830
37  92 0.65595373
37  93 0.66234117
37  94 0.66990551
37  95 0.67664446
37  96 0.68538341
37  97 0.69682961
37  98 0.71187072
37  99 0.73036765
37 100 0.76057332
37 101 1.00000000
38   1 0.00000000
38   2 0.33066772
38   3 0.36276994
38   4 0.37603208
38   5 0.39942083
38   6 0.40962938
38   7 0.41892191
38   8 0.42869148
38   9 0.43694395
38  10 0.44320545
38  11 0.44848821
38  12 0.45250769
38  13 0.45610777
38  14 0.46041709
38  15 0.46382097
38  16 0.46625700
38  17 0.46989976
38  18 0.47246962
38  19 0.47597567
38  20 0.47785280
38  21 0.48061118
38  22 0.48487670
38  23 0.49002079
38  24 0.49363598
38  25 0.49576200
38  26 0.49821585
38  27 0.50061399
38  28 0.50563579
38  29 0.50931034
38  30 0.51124491
38  31 0.51352973
38  32 0.51583209
38  33 0.51950653
38  34 0.52283212
38  35 0.52557564
38  36 0.52928815
38  37 0.53246691
38  38 0.53487794
38  39 0.53631865
38  40 0.53816492
38  41 0.54052558
38  42 0.54356520
38  43 0.54730381
38  44 0.55027174
38  45 0.55191999
38  46 0.55527808
38  47 0.55893838
38  48 0.56234535
38  49 0.56438996
38  50 0.56725938
38  51 0.57074872
38  52 0.57475361
38  53 0.57772645
38  54 0.57996292
38  55 0.58260440
38  56 0.58532434
38  57 0.58667425
38  58 0.59000283
38  59 0.59206340
38  60 0.59474171
38  61 0.59858076
38  62 0.60170506
38  63 0.60618703
38  64 0.60804315
38  65 0.61017365
38  66 0.61182459
38  67 0.61468928
38  68 0.61838310
38  69 0.62160016
38  70 0.62519658
38  71 0.63014405
38  72 0.63336622
38  73 0.63797322
38  74 0.64118964
38  75 0.64448958
38  76 0.64836682
38  77 0.65356498
38  78 0.65737232
38  79 0.65994419
38  80 0.66683342
38  81 0.67111190
38  82 0.67393097
38  83 0.67923327
38  84 0.68656500
38  85 0.69185337
38  86 0.69815532
38  87 0.70321147
38  88 0.70925173
38  89 0.71477340
38  90 0.72083480
38  91 0.72762866
38  92 0.73286724
38  93 0.73858106
38  94 0.74745653
38  95 0.75545325
38  96 0.76152339
38  97 0.78057205
38  98 0.79027416
38  99 0.80545351
38 100 0.84040288
38 101 1.00000000
39   1 0.00000000
39   2 0.36369220
39   3 0.38891185
39   4 0.40313729
39   5 0.41450562
39   6 0.42635255
39   7 0.43471065
39   8 0.44144592
39   9 0.44790290
39  10 0.45322089
39  11 0.45845809
39  12 0.46237559
39  13 0.46654904
39  14 0.46982134
39  15 0.47396055
39  16 0.47972020
39  17 0.48349792
39  18 0.48745856
39  19 0.49082828
39  20 0.49385166
39  21 0.49678870
39  22 0.49934331
39  23 0.50256338
39  24 0.50617076
39  25 0.50918264
39  26 0.51209876
39  27 0.51492438
39  28 0.51731016
39  29 0.51982625
39  30 0.52246286
39  31 0.52506158
39  32 0.52813589
39  33 0.53072530
39  34 0.53302042
39  35 0.53522687
39  36 0.53742528
39  37 0.53929626
39  38 0.54159058
39  39 0.54385813
39  40 0.54548113
39  41 0.54768342
39  42 0.54966430
39  43 0.55161882
39  44 0.55385062
39  45 0.55614086
39  46 0.55803370
39  47 0.55970551
39  48 0.56185380
39  49 0.56444457
39  50 0.56686928
39  51 0.56894108
39  52 0.57154410
39  53 0.57353820
39  54 0.57607370
39  55 0.57805457
39  56 0.57991275
39  57 0.58192635
39  58 0.58436442
39  59 0.58617430
39  60 0.58831757
39  61 0.58999984
39  62 0.59315943
39  63 0.59567587
39  64 0.59764077
39  65 0.59986430
39  66 0.60227267
39  67 0.60451402
39  68 0.60715841
39  69 0.60900826
39  70 0.61122673
39  71 0.61369171
39  72 0.61568860
39  73 0.61884108
39  74 0.62130638
39  75 0.62396357
39  76 0.62676824
39  77 0.62917753
39  78 0.63183120
39  79 0.63579508
39  80 0.63926747
39  81 0.64264484
39  82 0.64593748
39  83 0.64947379
39  84 0.65371827
39  85 0.65696810
39  86 0.65996719
39  87 0.66370956
39  88 0.66799601
39  89 0.67197101
39  90 0.67620297
39  91 0.68203314
39  92 0.68927750
39  93 0.69347582
39  94 0.70002864
39  95 0.71208609
39  96 0.72115162
39  97 0.73240206
39  98 0.74586189
39  99 0.76619461
39 100 0.80006707
39 101 1.00000000
40   1 0.00000000
40   2 0.32074867
40   3 0.35093552
40   4 0.36622441
40   5 0.37870374
40   6 0.38636157
40   7 0.39285316
40   8 0.39868452
40   9 0.40414089
40  10 0.40845658
40  11 0.41330576
40  12 0.41749357
40  13 0.42161091
40  14 0.42489651
40  15 0.42867957
40  16 0.43203010
40  17 0.43510151
40  18 0.43769081
40  19 0.44087640
40  20 0.44361664
40  21 0.44658926
40  22 0.44938236
40  23 0.45158069
40  24 0.45473957
40  25 0.45704883
40  26 0.45879495
40  27 0.46110752
40  28 0.46324398
40  29 0.46515498
40  30 0.46707462
40  31 0.46926225
40  32 0.47143959
40  33 0.47345022
40  34 0.47571291
40  35 0.47727380
40  36 0.47950178
40  37 0.48217501
40  38 0.48328910
40  39 0.48537624
40  40 0.48730952
40  41 0.48925482
40  42 0.49171677
40  43 0.49419573
40  44 0.49617541
40  45 0.49860435
40  46 0.50044918
40  47 0.50254013
40  48 0.50375430
40  49 0.50504317
40  50 0.50711550
40  51 0.50875741
40  52 0.51156982
40  53 0.51383773
40  54 0.51587765
40  55 0.51771374
40  56 0.51962444
40  57 0.52143065
40  58 0.52285436
40  59 0.52465632
40  60 0.52655507
40  61 0.52802319
40  62 0.52971935
40  63 0.53187958
40  64 0.53378345
40  65 0.53599416
40  66 0.53940424
40  67 0.54150000
40  68 0.54372246
40  69 0.54521781
40  70 0.54752856
40  71 0.54981127
40  72 0.55260405
40  73 0.55407168
40  74 0.55703333
40  75 0.55889471
40  76 0.56188344
40  77 0.56497504
40  78 0.56737771
40  79 0.56912640
40  80 0.57104656
40  81 0.57396638
40  82 0.57700301
40  83 0.57969690
40  84 0.58236631
40  85 0.58501409
40  86 0.58896333
40  87 0.59290783
40  88 0.59588668
40  89 0.59962093
40  90 0.60486345
40  91 0.60900201
40  92 0.61528178
40  93 0.62360232
40  94 0.63080762
40  95 0.63697414
40  96 0.64524657
40  97 0.65718825
40  98 0.67082883
40  99 0.68278239
40 100 0.73752403
40 101 1.00000000
41   1 0.00000000
41   2 0.29592316
41   3 0.35033713
41   4 0.39367390
41   5 0.41127379
41   6 0.42031385
41   7 0.43106235
41   8 0.43849172
41   9 0.45127628
41  10 0.45674312
41  11 0.46065658
41  12 0.46418147
41  13 0.47735135
41  14 0.49725302
41  15 0.50347648
41  16 0.50499351
41  17 0.50960709
41  18 0.51456689
41  19 0.51897434
41  20 0.52194514
41  21 0.52545685
41  22 0.53270502
41  23 0.53742246
41  24 0.54068426
41  25 0.54385019
41  26 0.55107532
41  27 0.55232349
41  28 0.55375192
41  29 0.55501406
41  30 0.55614127
41  31 0.55686756
41  32 0.56028200
41  33 0.56202230
41  34 0.56815314
41  35 0.56905349
41  36 0.57025157
41  37 0.57116082
41  38 0.57407811
41  39 0.57525496
41  40 0.57675831
41  41 0.58214004
41  42 0.58489554
41  43 0.58911819
41  44 0.59238666
41  45 0.59324523
41  46 0.59586370
41  47 0.60127437
41  48 0.60695399
41  49 0.60938169
41  50 0.61048302
41  51 0.61371224
41  52 0.61442246
41  53 0.62033445
41  54 0.62478129
41  55 0.62740646
41  56 0.62883446
41  57 0.63114101
41  58 0.63461380
41  59 0.63994519
41  60 0.64705331
41  61 0.64938542
41  62 0.65239392
41  63 0.65373694
41  64 0.65811303
41  65 0.65897707
41  66 0.66059134
41  67 0.66598897
41  68 0.66902919
41  69 0.67040548
41  70 0.67143843
41  71 0.67606990
41  72 0.67979224
41  73 0.68232091
41  74 0.68728297
41  75 0.69000584
41  76 0.69685207
41  77 0.70087881
41  78 0.70781127
41  79 0.71180193
41  80 0.71427575
41  81 0.71988329
41  82 0.72218126
41  83 0.72477198
41  84 0.73426939
41  85 0.74426925
41  86 0.74918782
41  87 0.75042855
41  88 0.75337772
41  89 0.75837445
41  90 0.76431306
41  91 0.77107920
41  92 0.77337437
41  93 0.77977108
41  94 0.78597070
41  95 0.79059639
41  96 0.81264655
41  97 0.82972874
41  98 0.84516614
41  99 0.87538134
41 100 0.90221888
41 101 1.00000000
42   1 0.00000000
42   2 0.39767964
42   3 0.43132528
42   4 0.44872299
42   5 0.46728237
42   6 0.48001327
42   7 0.49151596
42   8 0.49998699
42   9 0.50474354
42  10 0.51117130
42  11 0.51665285
42  12 0.52220684
42  13 0.52557719
42  14 0.53048538
42  15 0.53415588
42  16 0.53750116
42  17 0.54083166
42  18 0.54474647
42  19 0.54833098
42  20 0.55191223
42  21 0.55535359
42  22 0.55909741
42  23 0.56292163
42  24 0.56619390
42  25 0.56894666
42  26 0.57253241
42  27 0.57571945
42  28 0.57818125
42  29 0.58075143
42  30 0.58371805
42  31 0.58609989
42  32 0.58926043
42  33 0.59128720
42  34 0.59383465
42  35 0.59559001
42  36 0.59828761
42  37 0.60015206
42  38 0.60242556
42  39 0.60418449
42  40 0.60667387
42  41 0.60837384
42  42 0.61098590
42  43 0.61332174
42  44 0.61538467
42  45 0.61769380
42  46 0.61989120
42  47 0.62225082
42  48 0.62435195
42  49 0.62712534
42  50 0.62871368
42  51 0.63055449
42  52 0.63265191
42  53 0.63480444
42  54 0.63656502
42  55 0.63869411
42  56 0.64051537
42  57 0.64229573
42  58 0.64437228
42  59 0.64646474
42  60 0.64854575
42  61 0.65073902
42  62 0.65287597
42  63 0.65526090
42  64 0.65821251
42  65 0.66014207
42  66 0.66265409
42  67 0.66551960
42  68 0.66771879
42  69 0.67007720
42  70 0.67232627
42  71 0.67498212
42  72 0.67751958
42  73 0.67955344
42  74 0.68232226
42  75 0.68506603
42  76 0.68768574
42  77 0.69001693
42  78 0.69355639
42  79 0.69721110
42  80 0.70008061
42  81 0.70253376
42  82 0.70535672
42  83 0.70844890
42  84 0.71140235
42  85 0.71452141
42  86 0.71791383
42  87 0.72222565
42  88 0.72688712
42  89 0.73268593
42  90 0.73762820
42  91 0.74349891
42  92 0.74822503
42  93 0.75336723
42  94 0.76030176
42  95 0.76970678
42  96 0.77942216
42  97 0.78754179
42  98 0.80110573
42  99 0.82204995
42 100 0.85771695
42 101 1.00000000
43   1 0.00000000
43   2 0.39414139
43   3 0.42902945
43   4 0.45327566
43   5 0.46786710
43   6 0.47752661
43   7 0.48315008
43   8 0.49091724
43   9 0.49739603
43  10 0.50259962
43  11 0.50627547
43  12 0.51238638
43  13 0.51811629
43  14 0.52108790
43  15 0.52514965
43  16 0.52885876
43  17 0.53195784
43  18 0.53598081
43  19 0.53831185
43  20 0.54089219
43  21 0.54396230
43  22 0.54722852
43  23 0.54997940
43  24 0.55208991
43  25 0.55560493
43  26 0.55761201
43  27 0.56024814
43  28 0.56277296
43  29 0.56521940
43  30 0.56834027
43  31 0.57049884
43  32 0.57338264
43  33 0.57647896
43  34 0.57867348
43  35 0.58111012
43  36 0.58361574
43  37 0.58563454
43  38 0.58755462
43  39 0.59007955
43  40 0.59201571
43  41 0.59406631
43  42 0.59676713
43  43 0.59900124
43  44 0.60094940
43  45 0.60340522
43  46 0.60534015
43  47 0.60856455
43  48 0.61105576
43  49 0.61325110
43  50 0.61468175
43  51 0.61601736
43  52 0.61762162
43  53 0.61972898
43  54 0.62187155
43  55 0.62336613
43  56 0.62535416
43  57 0.62741802
43  58 0.62997133
43  59 0.63189590
43  60 0.63392173
43  61 0.63594204
43  62 0.63807314
43  63 0.64093547
43  64 0.64314970
43  65 0.64534555
43  66 0.64823295
43  67 0.64992895
43  68 0.65303463
43  69 0.65647948
43  70 0.65892910
43  71 0.66039195
43  72 0.66209902
43  73 0.66395694
43  74 0.66593115
43  75 0.66918281
43  76 0.67203879
43  77 0.67477126
43  78 0.67815707
43  79 0.68201270
43  80 0.68473167
43  81 0.68755104
43  82 0.69070151
43  83 0.69343040
43  84 0.69713730
43  85 0.70207282
43  86 0.70699708
43  87 0.71100563
43  88 0.71451374
43  89 0.71878494
43  90 0.72321415
43  91 0.72941964
43  92 0.73644607
43  93 0.74197002
43  94 0.74944190
43  95 0.75809005
43  96 0.76734020
43  97 0.77689663
43  98 0.79094675
43  99 0.80781021
43 100 0.84547544
43 101 1.00000000
44   1 0.00000000
44   2 0.33113432
44   3 0.34904068
44   4 0.36435266
44   5 0.37482694
44   6 0.38840302
44   7 0.39468330
44   8 0.40158361
44   9 0.40731796
44  10 0.41194823
44  11 0.41767085
44  12 0.42269921
44  13 0.42633465
44  14 0.42994532
44  15 0.43326152
44  16 0.43601642
44  17 0.43849748
44  18 0.44103417
44  19 0.44393688
44  20 0.44644919
44  21 0.44867117
44  22 0.45087143
44  23 0.45439086
44  24 0.45719767
44  25 0.46037517
44  26 0.46248274
44  27 0.46490228
44  28 0.46710282
44  29 0.46914355
44  30 0.47190724
44  31 0.47404283
44  32 0.47607869
44  33 0.47762751
44  34 0.47900977
44  35 0.48076628
44  36 0.48337589
44  37 0.48526748
44  38 0.48800751
44  39 0.49033904
44  40 0.49208477
44  41 0.49369002
44  42 0.49618198
44  43 0.49846450
44  44 0.49995308
44  45 0.50202784
44  46 0.50324267
44  47 0.50523736
44  48 0.50772561
44  49 0.51002928
44  50 0.51146474
44  51 0.51316148
44  52 0.51473137
44  53 0.51609364
44  54 0.51745787
44  55 0.52021499
44  56 0.52193082
44  57 0.52346882
44  58 0.52545619
44  59 0.52672856
44  60 0.52869450
44  61 0.53019904
44  62 0.53166928
44  63 0.53386129
44  64 0.53500335
44  65 0.53803429
44  66 0.53980775
44  67 0.54251305
44  68 0.54458967
44  69 0.54664908
44  70 0.54810501
44  71 0.55021886
44  72 0.55236496
44  73 0.55505694
44  74 0.55687541
44  75 0.55805932
44  76 0.56100718
44  77 0.56349038
44  78 0.56592821
44  79 0.56982233
44  80 0.57229257
44  81 0.57610928
44  82 0.57957560
44  83 0.58195438
44  84 0.58602296
44  85 0.58964037
44  86 0.59415098
44  87 0.59898984
44  88 0.60217189
44  89 0.60824767
44  90 0.61309884
44  91 0.61692725
44  92 0.62327264
44  93 0.62906273
44  94 0.63590734
44  95 0.64386335
44  96 0.65723100
44  97 0.66877432
44  98 0.68003900
44  99 0.69056909
44 100 0.72790625
44 101 1.00000000
45   1 0.00000000
45   2 0.34398187
45   3 0.38303049
45   4 0.39470517
45   5 0.41564815
45   6 0.42996290
45   7 0.43753217
45   8 0.44062362
45   9 0.44725963
45  10 0.45190529
45  11 0.45986187
45  12 0.46395494
45  13 0.46921766
45  14 0.47390063
45  15 0.47776314
45  16 0.48287511
45  17 0.48671929
45  18 0.49194499
45  19 0.49503476
45  20 0.49728920
45  21 0.50091968
45  22 0.50353407
45  23 0.50778806
45  24 0.51018945
45  25 0.51269610
45  26 0.51449676
45  27 0.51678172
45  28 0.52050085
45  29 0.52373891
45  30 0.52544442
45  31 0.52763716
45  32 0.52926388
45  33 0.53268002
45  34 0.53508301
45  35 0.53798052
45  36 0.54035823
45  37 0.54328400
45  38 0.54714633
45  39 0.54915100
45  40 0.55083422
45  41 0.55286344
45  42 0.55461409
45  43 0.55727455
45  44 0.55869842
45  45 0.56065505
45  46 0.56354091
45  47 0.56566326
45  48 0.56644361
45  49 0.56907423
45  50 0.57083885
45  51 0.57276775
45  52 0.57447906
45  53 0.57692665
45  54 0.58040373
45  55 0.58169964
45  56 0.58407464
45  57 0.58576917
45  58 0.58687438
45  59 0.58885876
45  60 0.59150064
45  61 0.59222103
45  62 0.59426140
45  63 0.59520687
45  64 0.59810460
45  65 0.59976546
45  66 0.60260111
45  67 0.60438471
45  68 0.60769240
45  69 0.61041283
45  70 0.61401774
45  71 0.61863410
45  72 0.62044129
45  73 0.62392381
45  74 0.62821895
45  75 0.63114572
45  76 0.63411581
45  77 0.63717952
45  78 0.64008121
45  79 0.64498126
45  80 0.64773958
45  81 0.65130925
45  82 0.65462862
45  83 0.65850760
45  84 0.66176118
45  85 0.66538241
45  86 0.67080631
45  87 0.67326614
45  88 0.67768582
45  89 0.68179833
45  90 0.68558304
45  91 0.69820075
45  92 0.70317965
45  93 0.70857592
45  94 0.71359325
45  95 0.72386457
45  96 0.72626249
45  97 0.73382423
45  98 0.74725692
45  99 0.75858249
45 100 0.79265702
45 101 1.00000000
46   1 0.00000000
46   2 0.32821969
46   3 0.36013481
46   4 0.38582574
46   5 0.40326667
46   6 0.41431948
46   7 0.42128427
46   8 0.43525129
46   9 0.44250305
46  10 0.44979317
46  11 0.45397699
46  12 0.45860940
46  13 0.46321325
46  14 0.46751316
46  15 0.47124563
46  16 0.47336608
46  17 0.47775374
46  18 0.48195583
46  19 0.48490640
46  20 0.48847007
46  21 0.49236969
46  22 0.49645809
46  23 0.50000558
46  24 0.50213015
46  25 0.50445279
46  26 0.50735877
46  27 0.51065342
46  28 0.51398178
46  29 0.51595286
46  30 0.51882669
46  31 0.52202920
46  32 0.52417187
46  33 0.52666067
46  34 0.52891046
46  35 0.53070466
46  36 0.53229279
46  37 0.53446521
46  38 0.53643744
46  39 0.53954445
46  40 0.54144686
46  41 0.54260829
46  42 0.54596717
46  43 0.54836156
46  44 0.55115265
46  45 0.55343951
46  46 0.55600471
46  47 0.55792702
46  48 0.55967557
46  49 0.56156446
46  50 0.56368581
46  51 0.56636509
46  52 0.56788297
46  53 0.56986846
46  54 0.57259259
46  55 0.57536926
46  56 0.57723779
46  57 0.57998492
46  58 0.58332516
46  59 0.58575460
46  60 0.58822355
46  61 0.59198875
46  62 0.59521958
46  63 0.59838275
46  64 0.60277731
46  65 0.60537897
46  66 0.60833559
46  67 0.61064086
46  68 0.61236988
46  69 0.61432345
46  70 0.61687961
46  71 0.61958228
46  72 0.62202473
46  73 0.62459862
46  74 0.62843115
46  75 0.63073099
46  76 0.63524515
46  77 0.63924690
46  78 0.64349683
46  79 0.64572240
46  80 0.64927878
46  81 0.65404589
46  82 0.66013079
46  83 0.66377930
46  84 0.66857474
46  85 0.67314763
46  86 0.67683538
46  87 0.68405528
46  88 0.68889019
46  89 0.69191815
46  90 0.69644051
46  91 0.70349555
46  92 0.71103623
46  93 0.71826943
46  94 0.72909962
46  95 0.73765997
46  96 0.74593229
46  97 0.75845279
46  98 0.77775202
46  99 0.78933314
46 100 0.82694574
46 101 1.00000000
47   1 0.00000000
47   2 0.38772176
47   3 0.42657101
47   4 0.44159290
47   5 0.45563351
47   6 0.46808338
47   7 0.47731802
47   8 0.48524415
47   9 0.49150734
47  10 0.49704005
47  11 0.50182310
47  12 0.50629854
47  13 0.51222148
47  14 0.51613459
47  15 0.52053770
47  16 0.52318466
47  17 0.52519895
47  18 0.52862970
47  19 0.53172198
47  20 0.53488824
47  21 0.53738394
47  22 0.54070126
47  23 0.54372859
47  24 0.54576928
47  25 0.54856081
47  26 0.55086046
47  27 0.55344051
47  28 0.55598152
47  29 0.55872409
47  30 0.56156426
47  31 0.56408243
47  32 0.56607319
47  33 0.56782817
47  34 0.57006610
47  35 0.57335411
47  36 0.57606144
47  37 0.57824496
47  38 0.58139168
47  39 0.58356347
47  40 0.58555932
47  41 0.58740516
47  42 0.58905814
47  43 0.59034625
47  44 0.59169009
47  45 0.59396506
47  46 0.59586236
47  47 0.59819761
47  48 0.60041851
47  49 0.60173502
47  50 0.60409865
47  51 0.60608271
47  52 0.60775156
47  53 0.61018581
47  54 0.61196553
47  55 0.61400853
47  56 0.61636829
47  57 0.61801519
47  58 0.62003301
47  59 0.62285541
47  60 0.62530227
47  61 0.62732495
47  62 0.62954429
47  63 0.63187932
47  64 0.63388068
47  65 0.63569240
47  66 0.63785744
47  67 0.63988295
47  68 0.64270141
47  69 0.64557036
47  70 0.64894022
47  71 0.65181302
47  72 0.65461249
47  73 0.65679255
47  74 0.66076328
47  75 0.66316710
47  76 0.66504525
47  77 0.66719709
47  78 0.66991783
47  79 0.67246409
47  80 0.67483379
47  81 0.67748130
47  82 0.67984869
47  83 0.68178936
47  84 0.68635267
47  85 0.69004826
47  86 0.69436321
47  87 0.69862405
47  88 0.70372245
47  89 0.70816528
47  90 0.71204476
47  91 0.71596964
47  92 0.72117314
47  93 0.72894328
47  94 0.73553797
47  95 0.74330928
47  96 0.75250322
47  97 0.76053119
47  98 0.77066497
47  99 0.79049197
47 100 0.81950455
47 101 1.00000000
48   1 0.00000000
48   2 0.38186294
48   3 0.40644953
48   4 0.41847486
48   5 0.43002753
48   6 0.44247714
48   7 0.45007992
48   8 0.46033551
48   9 0.46605907
48  10 0.47265543
48  11 0.47761655
48  12 0.48104552
48  13 0.48518471
48  14 0.48775609
48  15 0.49172540
48  16 0.49639764
48  17 0.49933138
48  18 0.50290917
48  19 0.50612605
48  20 0.51032776
48  21 0.51272802
48  22 0.51516554
48  23 0.51791228
48  24 0.52062369
48  25 0.52468581
48  26 0.52744740
48  27 0.53079535
48  28 0.53392527
48  29 0.53663371
48  30 0.53919162
48  31 0.54061555
48  32 0.54190047
48  33 0.54379471
48  34 0.54539348
48  35 0.54787213
48  36 0.54956975
48  37 0.55166501
48  38 0.55321555
48  39 0.55451108
48  40 0.55699034
48  41 0.55829342
48  42 0.56066267
48  43 0.56287532
48  44 0.56471789
48  45 0.56686280
48  46 0.56890506
48  47 0.57104159
48  48 0.57343899
48  49 0.57511191
48  50 0.57649372
48  51 0.57968881
48  52 0.58151374
48  53 0.58392486
48  54 0.58479010
48  55 0.58635603
48  56 0.58795804
48  57 0.58959613
48  58 0.59172763
48  59 0.59508000
48  60 0.59869244
48  61 0.60141477
48  62 0.60260707
48  63 0.60468369
48  64 0.60872868
48  65 0.61137893
48  66 0.61320782
48  67 0.61501613
48  68 0.61770467
48  69 0.62072640
48  70 0.62346457
48  71 0.62763279
48  72 0.63040541
48  73 0.63257725
48  74 0.63546771
48  75 0.63810703
48  76 0.64070352
48  77 0.64505716
48  78 0.64719398
48  79 0.65041922
48  80 0.65391410
48  81 0.65597040
48  82 0.66109637
48  83 0.66730499
48  84 0.67154864
48  85 0.67723691
48  86 0.68451671
48  87 0.68961012
48  88 0.69580678
48  89 0.70333615
48  90 0.70822582
48  91 0.71485355
48  92 0.72067614
48  93 0.72688250
48  94 0.73752955
48  95 0.74789203
48  96 0.75902932
48  97 0.77888701
48  98 0.79851031
48  99 0.82803546
48 100 0.87540476
48 101 1.00000000
49   1 0.00000000
49   2 0.30269050
49   3 0.31923805
49   4 0.33398653
49   5 0.34239230
49   6 0.35416765
49   7 0.35859465
49   8 0.36602175
49   9 0.37502324
49  10 0.38212829
49  11 0.39187878
49  12 0.40775034
49  13 0.41428171
49  14 0.42074932
49  15 0.42771912
49  16 0.43312549
49  17 0.43678932
49  18 0.44004846
49  19 0.44377249
49  20 0.44806907
49  21 0.45222213
49  22 0.45804198
49  23 0.46303974
49  24 0.46736728
49  25 0.47248746
49  26 0.47529019
49  27 0.48289246
49  28 0.48694292
49  29 0.48984963
49  30 0.49300547
49  31 0.49788735
49  32 0.50085847
49  33 0.50581574
49  34 0.51069560
49  35 0.51515037
49  36 0.52033549
49  37 0.52383913
49  38 0.52630116
49  39 0.52961063
49  40 0.53103462
49  41 0.53337094
49  42 0.53555133
49  43 0.53838247
49  44 0.54095715
49  45 0.54248009
49  46 0.54589175
49  47 0.54869212
49  48 0.55069754
49  49 0.55421429
49  50 0.55681183
49  51 0.55956127
49  52 0.56125928
49  53 0.56350354
49  54 0.56529298
49  55 0.56824754
49  56 0.57133272
49  57 0.57637919
49  58 0.58043396
49  59 0.58425696
49  60 0.58649057
49  61 0.59202011
49  62 0.59674156
49  63 0.60474671
49  64 0.60692508
49  65 0.60884076
49  66 0.61032337
49  67 0.61249713
49  68 0.61453766
49  69 0.61715161
49  70 0.61996759
49  71 0.62681280
49  72 0.62990359
49  73 0.63563029
49  74 0.64066171
49  75 0.64555701
49  76 0.64964567
49  77 0.65245307
49  78 0.65851273
49  79 0.66479012
49  80 0.66822906
49  81 0.67400650
49  82 0.67902558
49  83 0.68233019
49  84 0.68801907
49  85 0.69587730
49  86 0.70008792
49  87 0.70717883
49  88 0.71861688
49  89 0.72491758
49  90 0.72792475
49  91 0.73863955
49  92 0.75216230
49  93 0.75909037
49  94 0.77126189
49  95 0.77909661
49  96 0.80471469
49  97 0.82871697
49  98 0.85567777
49  99 0.89501497
49 100 0.90862642
49 101 1.00000000
50   1 0.00000000
50   2 0.28792272
50   3 0.31863265
50   4 0.33283886
50   5 0.34511413
50   6 0.35312694
50   7 0.36479093
50   8 0.38158074
50   9 0.39564998
50  10 0.40373583
50  11 0.41316903
50  12 0.42157028
50  13 0.42705907
50  14 0.43382322
50  15 0.44260269
50  16 0.44717715
50  17 0.45235233
50  18 0.45878645
50  19 0.46530771
50  20 0.46957073
50  21 0.47585309
50  22 0.48014328
50  23 0.48618081
50  24 0.49319074
50  25 0.49981233
50  26 0.50278116
50  27 0.50743502
50  28 0.51157123
50  29 0.51653684
50  30 0.52179727
50  31 0.52807722
50  32 0.53214580
50  33 0.53439103
50  34 0.53782840
50  35 0.54155074
50  36 0.54400817
50  37 0.55169221
50  38 0.55537616
50  39 0.55754499
50  40 0.56062189
50  41 0.56424684
50  42 0.56777893
50  43 0.57233202
50  44 0.57846778
50  45 0.58351431
50  46 0.58712248
50  47 0.59111314
50  48 0.59591766
50  49 0.60037815
50  50 0.60433471
50  51 0.60854535
50  52 0.61274432
50  53 0.61633587
50  54 0.61975603
50  55 0.62499353
50  56 0.62846729
50  57 0.63232268
50  58 0.63752536
50  59 0.64388385
50  60 0.64831500
50  61 0.65210117
50  62 0.65587215
50  63 0.65896086
50  64 0.66479667
50  65 0.67033434
50  66 0.67467776
50  67 0.67838701
50  68 0.68312625
50  69 0.69239409
50  70 0.69984174
50  71 0.70555903
50  72 0.70834693
50  73 0.71275330
50  74 0.71932709
50  75 0.72253547
50  76 0.72791606
50  77 0.73308606
50  78 0.73540007
50  79 0.74087158
50  80 0.74424455
50  81 0.75151292
50  82 0.75794726
50  83 0.76481906
50  84 0.77201182
50  85 0.78152733
50  86 0.79314811
50  87 0.80025629
50  88 0.80569662
50  89 0.81120069
50  90 0.82025061
50  91 0.83108196
50  92 0.83929814
50  93 0.84701287
50  94 0.85729883
50  95 0.86850188
50  96 0.88022028
50  97 0.88999098
50  98 0.90174059
50  99 0.92176593
50 100 0.95733671
50 101 1.00000000
